256KB
18,18,18,18,18,18,14,14,14,14,14,14,4,4,4,4,4,4,4,4,4,4,4,4,15,15,15,15,15,15,5,5,5,5,5,5,4,4,5,5,5,5,7,7,7,7,7,7,4,4,4,4,4,4,3,3,3,3,3,3,5,5,5,5,5,5,5,5,5,5,5,5,4,4,4,4,4,4,4,4,4,4,4,4,3,3,3,3,4,4,4,4,4,5,5,5,5,5,5,5,5,5,5,5,5,5,5,5,5,5,5,5,5,5,4,4,4,4,4,4,5,5,5,5,5,5,3,3,3,3,3,3,4,4,4,4,4,4,4,4,4,4,4,4,4,4,4,4,4,4,4,4,4,4,4,4,4,4,4,4,4,4,4,4,4,4,4,4,5,5,5,5,5,5,4,4,4,4,4,4,5,5,5,5,5,5,4,4,4,4,4,4,4,4,4,4,4,4,4,4,4,4,4,4,4,4,4,4,4,4,4,4,4,4,4,4,4,4,4,4,4,4,3,4,4,4,4,4,4,4,4,4,4,4,4,5,5,5,5,5,3,3,4,4,4,4,3,3,3,3,3,3,4,4,4,4,4,4,3,3,3,3,3,3,4,4,4,4,4,4,4,4,4,4,4,4,4,4,4,4,4,4,3,3,3,3,3,3,4,4,4,4,4,4,4,5,5,5,5,5,4,5,5,5,5,5,4,4,5,5,5,5
16,16,16,16,16,16,4,4,4,4,4,4,4,4,4,4,4,4,10,10,10,10,10,10,4,4,4,4,4,4,4,4,4,4,4,4,3,3,3,3,3,3,4,4,4,4,4,4,4,4,4,4,4,4,4,4,4,4,4,4,4,4,4,4,4,4,4,4,4,4,4,4,4,4,4,4,4,4,4,4,4,4,4,4,4,4,4,4,4,4,4,4,4,4,4,4,3,4,4,4,4,4,4,4,4,4,4,4,3,4,4,4,4,4,4,4,4,4,4,4,4,4,4,4,4,4,4,4,4,4,4,4,3,4,4,4,4,4,4,4,4,4,4,4,4,4,4,4,4,4,4,4,4,4,5,5,4,4,4,4,4,4,4,4,4,4,4,4,3,3,3,4,4,4,4,4,4,4,4,4,5,5,5,5,5,5,4,4,4,4,4,4,4,4,4,4,4,4,4,4,4,4,4,4,4,4,4,4,4,4,4,4,4,4,4,4,4,4,4,4,4,4,4,4,4,4,4,4,5,5,5,5,5,5,4,4,4,4,4,4,4,4,4,4,4,4,4,4,4,4,4,4,4,4,4,4,4,4,4,4,4,4,4,4,4,4,4,4,4,4,3,3,3,3,3,3,4,4,4,4,4,4,4,4,4,4,4,4,3,3,3,3,3,3,4,4,4,4,4,4,4,4,4,4,4,4,4,4,4,4,4,4
9,9,9,9,9,9,4,4,4,4,4,4,5,5,5,5,5,5,4,4,4,4,4,4,4,4,4,4,4,4,4,4,4,4,4,4,4,4,4,4,4,4,4,4,4,4,4,5,4,4,4,4,4,4,4,4,4,4,4,4,7,7,7,7,7,7,3,3,3,3,3,3,4,4,4,4,4,4,4,4,4,4,4,4,4,4,4,4,4,4,4,4,4,4,4,4,3,3,3,3,3,3,3,3,3,3,4,4,4,4,4,4,4,4,4,4,4,4,4,4,3,4,4,4,4,4,3,3,3,3,3,3,3,4,4,4,4,4,3,3,3,3,3,3,3,4,4,4,4,4,4,4,4,4,4,4,3,3,3,3,10,10,4,4,4,4,4,4,4,4,4,4,4,4,3,4,4,4,4,4,5,5,5,5,5,5,4,4,4,4,4,4,3,3,3,3,3,3,4,4,4,4,4,4,4,4,4,4,4,4,4,4,4,4,4,4,5,5,5,5,5,5,4,4,4,4,4,4,4,4,4,4,4,4,3,3,3,3,3,3,4,4,4,4,4,4,4,4,4,4,4,4,4,4,4,4,4,4,3,3,3,3,3,3,4,4,4,4,4,4,3,3,3,3,3,3,3,3,3,3,3,3,3,3,3,3,3,3,4,4,4,4,4,4,4,4,4,4,4,4,4,4,4,4,4,4,4,4,4,4,4,4
6,6,6,6,6,6,4,4,4,4,4,4,4,4,4,4,4,4,3,3,3,3,4,4,4,4,4,4,4,4,4,4,4,4,4,4,4,4,4,4,4,4,5,5,5,5,5,5,5,5,5,5,5,5,5,5,5,5,5,5,4,4,4,4,4,4,3,3,3,3,3,3,4,4,4,4,4,4,4,4,4,4,4,4,4,4,4,4,4,4,4,4,4,4,4,4,4,5,5,5,5,5,5,5,5,5,5,5,4,4,4,4,4,4,4,4,4,4,4,4,3,3,3,3,3,3,4,4,4,4,4,4,4,4,4,4,4,4,4,4,4,4,4,4,4,4,4,4,4,4,4,4,4,4,4,4,4,4,4,4,4,4,4,4,4,4,4,4,4,4,4,4,4,4,4,4,4,4,4,4,4,4,4,4,4,4,3,3,3,3,3,4,4,4,4,4,4,4,3,3,4,4,4,4,3,3,3,3,3,4,4,4,4,4,4,4,3,4,4,4,4,4,4,4,4,4,4,4,3,3,3,3,3,3,3,3,4,4,4,4,4,4,4,4,4,4,4,4,4,4,4,4,4,4,4,4,4,4,4,4,4,4,4,4,4,4,4,4,5,5,4,4,4,4,4,4,4,4,4,4,4,4,4,4,4,4,4,4,4,4,4,4,4,4,3,3,3,3,3,3,4,4,4,4,4,4
19,19,19,19,19,19,5,5,5,5,5,5,5,5,5,5,5,5,4,4,4,4,4,4,4,4,4,4,4,4,4,4,4,4,4,4,4,4,4,4,4,4,5,5,5,5,5,5,3,4,4,4,4,4,4,4,4,4,4,4,4,4,4,4,4,4,4,4,4,4,4,4,5,5,5,5,5,5,4,4,4,4,4,4,5,5,5,5,5,5,4,4,4,4,4,4,4,4,4,4,4,4,4,4,4,4,4,4,4,4,4,4,4,4,4,4,4,4,4,4,4,4,4,4,5,5,4,4,4,4,4,4,4,4,4,4,4,4,3,4,4,4,4,4,4,4,4,4,4,4,3,4,4,4,4,4,4,4,4,4,4,5,4,4,4,4,4,4,4,4,4,4,4,4,3,3,3,3,3,5,3,3,3,3,3,3,4,4,4,4,4,4,4,4,4,4,4,4,4,4,4,4,4,4,4,4,4,4,4,4,3,3,3,3,3,3,4,4,4,4,4,4,4,4,4,4,4,4,4,4,4,4,4,4,4,4,4,4,4,4,4,4,4,4,4,4,4,4,4,4,4,4,4,4,4,4,4,4,3,4,4,4,4,4,3,3,3,3,3,3,4,4,4,4,4,4,4,4,4,4,4,4,4,4,4,4,4,4,4,4,4,4,4,4,12,12,12,12,12,12,4,4,4,4,4,4
12,12,12,12,13,13,4,4,4,4,4,4,4,5,5,5,5,5,3,3,3,3,3,4,4,4,4,4,4,4,21,21,21,21,21,21,4,4,4,4,4,5,4,4,4,4,4,4,4,4,4,4,4,4,4,4,4,4,4,4,4,4,4,4,4,4,4,4,4,4,4,4,5,5,5,5,5,5,4,4,4,4,4,4,4,4,4,4,4,4,3,4,4,4,4,4,4,4,4,4,4,4,4,4,4,4,4,4,4,4,4,4,4,4,4,4,4,4,4,4,3,4,4,4,4,4,4,4,4,4,4,4,4,4,4,4,4,4,4,4,4,4,4,4,5,5,5,5,5,5,5,5,5,5,5,5,4,4,4,4,4,4,4,4,4,4,4,4,4,4,4,4,4,4,4,4,4,4,4,4,3,3,4,4,4,4,4,4,4,4,4,4,4,4,4,4,4,4,4,4,4,4,4,4,4,4,4,4,4,4,5,5,5,5,5,5,4,4,4,4,4,4,4,4,4,4,4,4,3,3,3,3,3,3,4,4,4,4,4,4,3,3,3,3,3,3,3,4,4,4,4,4,4,4,4,4,4,4,4,4,4,4,4,4,4,4,4,4,4,4,3,3,3,3,3,4,4,4,4,4,4,4,4,4,4,4,4,4,4,4,4,4,4,4,4,4,4,4,4,4,4,4,4,4,4,4

11,2,8,10,2,2,8,2,2,2,1,2,1,1,1,2,1,1,3,1,2,1,1,1,2,1,1,2,1,1,2,2,1,1,2,1,1,1,2,1,1,1,2,2,1,1,6,1,2,1,1,2,1,1,300,300,300,300,300,300,1,1,1,1,1,1,1,2,1,1,1,1,1,2,2,1,1,2,1,2,1,2,1,2,2,2,2,2,1,2,1,1,2,1,1,2,1,1,2,1,1,2,1,2,1,1,1,1,2,2,2,2,2,1,1,1,2,2,1,2,1,2,2,1,1,2,1,2,1,2,2,2,2,1,1,1,1,1,2,1,1,1,2,16,2,1,2,2,1,1,1,2,1,2,2,1,2,2,2,1,2,1,2,1,1,1,2,1,1,2,5,1,1,2,1,2,1,1,2,1,2,1,1,2,2,1,1,1,1,1,1,1,1,1,1,1,1,1,1,1,1,1,2,2,2,2,2,1,2,1,1
19,3,1396,1396,1396,1396,1396,1396,4,10,2,2,2,2,2,2,2,8,1,6,2914,2914,2915,2915,2915,2915,1,4,2,2916,2916,2916,2916,2916,2916,1,1,2,2908,2908,2908,2908,2908,2908,1,2,2,3,3,3,3,3,3,2,1,1,9,9,9,9,10,10,1,1,2,1,1,1,1,1,1,1,1,2,1,2,2,2,2,2,1,2,2,12,12,12,12,12,12,1,2,1,1,1,1,1,1,1,1,2,1,2903,2903,2903,2903,2903,2903,1,1,1,2904,2904,2904,2904,2904,2904,1,1,1,2914,2914,2914,2914,2914,2914,2,1,2,13,13,13,13,13,13,1,1,1,2902,2902,2902,2902,2902,2902,2,1,1,7,7,7,7,7,7,1,1,1,3,3,3,3,3,3,1,2,1,8,8,8,8,8,8,6,1,1,8,8,8,8,8,8,1,1,2,4,4,4,4,4,4,1,1,1,6,6,6,6,6,6,2,2,1,2,2,2,2,2,2,2,1,1,10,10,10,10,10,10,1,1,1,2894,2894,2894,2894,2894,2894,1,1,1,9,9,9,9,9,9,2,1,1,2901,2901,2901,2901,2901,2901,1,1,1,2915,2915,2915,2915,2915,2915,1,2,2913,2913,2913,2913,2913,2913,1,1,11,11,11,11,11,11,2,10,10,10,10,10,10,10,1,2,9,9,9,9,9,9,1,1,13,13,13,13,13,13,1,1,1,1,1,1,1,1,2,1,2933,2933,2933,2933,2933,2933,2,2,1,2,2,2,2,2,1,2,20,20,20,20,20,20,1,2,4,4,4,4,4,4,2,1,2905,2905,2905,2905,2905,2905,2,1,13,13,13,13,13,13,1,1,2910,2910,2910,2910,2910,2910,1,2,11,11,11,11,11,11,1,1,2901,2902,2902,2902,2902,2902,1,1,2,2,2,2,2,2,1,2,1,1,1,1,1,1,1,1,1,3,3,3,3,3,1,1,7,7,7,7,7,7,1,1,3,3,3,3,3,3,1,2,7,7,7,7,7,7,1,1,8,8,8,8,8,8,1,1,1,1,1,2,2,2,1,1
20,2,4,1198,1198,1198,1198,1198,1198,8,844,844,844,844,844,844,2,2,2,735,735,735,735,735,735,7,2,1,857,857,857,857,857,857,2,1,1,837,837,837,837,837,837,2,2,1,855,855,855,855,855,855,3,1,5,851,851,851,851,851,851,2,2,1,844,844,844,844,844,844,1,1,2,840,840,840,840,840,840,1,2,2,846,846,846,846,846,846,2,1,1,853,853,853,853,853,853,1,1,2,851,851,851,851,851,851,1,2,1,849,849,849,849,849,849,2,1,1,865,865,865,865,865,865,2,2,1,847,848,848,848,848,848,1,2,1,841,841,841,841,841,841,2,2,2,846,846,846,846,846,846,1,1,1,848,848,848,848,848,849,1,2,1,845,845,845,845,845,845,2,1,1,848,848,848,848,848,848,1,2,1,849,849,849,849,849,849,1,1,1,838,839,839,839,839,839,2,1,1,843,843,844,844,844,844,1,1,1,854,854,854,854,854,854,1,1,1,849,849,849,849,849,849,1,1,2,845,845,845,845,845,845,2,1,2,849,849,849,849,849,849,1,2,1,846,846,846,846,846,846,2,2,2,849,849,849,849,849,849,1,1,2,845,845,845,845,845,845,1,2,1,844,844,844,844,844,844,2,2,1,851,851,851,851,851,851,2,1,2,849,849,849,849,849,849,1,1,1,854,854,854,854,854,854,2,1,2,845,845,845,845,845,845,1,1,2,848,848,849,849,849,849,1,1,1,852,853,853,853,853,853,1,2,1,853,853,853,853,853,853,2,2,2,851,851,851,851,851,851,2,2,7,851,851,851,851,851,851,1,1,1,849,850,850,850,850,850,1,1,1,851,851,851,851,851,851,1,1,1,851,851,851,851,851,851,1,1,2,844,844,844,844,844,844,1,1,2,725,725,725,725,725,725,1,1,1,848,848,848,848,848,848,2,1,1,845,845,845,845,845,845,1,2,1,853,853,853,853,853,853,1,2,1,851,851,851,851,851,851,2,1,2,847,847,847,847,847,847,2,2,2,845,845,845,845,845,845,1,2,1,714,714,714,714,714,714,2
19,2,9,1267,1267,1267,1267,1267,1267,2,820,820,820,820,820,820,2,1,7,838,838,838,838,838,838,2,2,4,838,838,838,838,838,838,2,2,1,819,819,819,819,819,819,2,7,1,839,839,839,839,839,839,2,6,1,825,825,826,826,826,826,2,1,1,816,816,816,816,816,816,3,1,1,819,819,819,819,819,819,2,2,1,823,823,823,823,823,823,1,5,2,831,831,831,831,831,831,1,2,1,703,703,703,703,703,703,2,1,1,818,818,818,818,818,818,1,1,1,832,832,832,832,832,832,1,2,1,819,819,819,819,819,819,1,2,1,824,824,824,824,824,824,1,1,1,825,825,825,825,825,825,2,1,1,830,830,830,830,830,830,2,1,2,825,825,825,826,826,826,1,2,1,822,822,822,822,822,822,1,1,1,833,833,833,833,833,833,1,1,1,817,817,817,817,817,817,1,1,1,815,815,815,815,815,815,1,2,2,820,820,820,820,820,820,1,1,1,814,814,814,814,814,814,2,1,1,817,817,817,817,817,817,1,2,2,825,825,825,825,825,825,1,1,2,833,833,833,833,833,833,1,2,1,830,830,830,830,830,830,1,2,1,816,816,816,816,816,817,1,1,1,823,823,823,823,823,823,1,1,1,824,824,824,824,824,824,1,2,1,818,818,818,818,818,818,1,1,2,823,823,823,823,823,823,1,2,2,832,832,832,832,832,832,2,1,1,830,830,830,830,830,830,1,2,1,824,824,824,824,824,824,2,2,2,822,822,822,822,822,822,1,1,2,826,826,826,826,826,826,2,2,2,822,822,822,822,822,822,1,2,1,824,825,825,825,825,825,1,1,1,835,835,835,836,836,836,2,1,1,824,824,824,824,824,824,2,1,1,827,827,827,827,827,827,1,1,2,824,824,824,824,824,824,2,1,1,825,825,825,825,825,825,1,1,2,823,823,823,823,823,823,1,1,1,816,816,816,816,816,816,1,1,1,821,821,821,821,821,821,1,1,1,825,826,826,826,826,826,1,1,1,828,828,828,828,828,828,2,1,2,827,828,828,828,828,828
17,5,1228,1228,1228,1228,1228,1228,5,8,10,2778,2778,2778,2778,2778,2778,4,2,9,2771,2771,2771,2771,2771,2771,1,2,2,2787,2791,2791,2791,2791,2791,1,1,1,2784,2784,2784,2784,2784,2784,1,2,9,2787,2787,2787,2787,2787,2787,2,2,1,2788,2788,2788,2788,2788,2788,2,1,1,2794,2794,2794,2794,2794,2794,2,2,1,2749,2749,2749,2749,2749,2749,2,2,1,2785,2786,2786,2786,2786,2786,2,2,2,2778,2778,2778,2778,2778,2778,1,2,1,2784,2784,2784,2784,2784,2784,1,2,2,2781,2782,2782,2782,2782,2782,1,2,1,2778,2778,2778,2778,2778,2778,1,1304,1304,1304,1304,1304,1304,2,2782,2783,2783,2783,2783,2783,1,1,2,2773,2773,2773,2773,2773,2773,1,2,2,2781,2781,2781,2781,2781,2781,1,1,2,2789,2789,2789,2789,2789,2789,1,1,2,2788,2788,2788,2788,2788,2788,1,2,2,2732,2732,2732,2732,2732,2732,2,1,1,2783,2783,2783,2783,2783,2783,1,1,1,2764,2764,2765,2765,2765,2765,2,5,1,2782,2782,2782,2782,2782,2782,2,2,1,2781,2781,2781,2781,2781,2781,1,1315,1315,1315,1315,1315,1315,2,2777,2777,2777,2777,2777,2777,1,2,2,2777,2777,2777,2777,2777,2777,1,1,1,2785,2785,2785,2785,2785,2785,2,1,2,2792,2792,2792,2792,2792,2792,1,1,1,2768,2768,2768,2768,2768,2768,1,2,1,2777,2778,2778,2778,2778,2778,1,2,1,2787,2787,2787,2787,2787,2787,1,2,2,2787,2787,2787,2787,2787,2787,1,1312,1313,1313,1313,1313,1313,2,2785,2785,2785,2785,2785,2785,1,1,1,2796,2796,2796,2796,2796,2796,1,2,2,2677,2678,2678,2678,2678,2678,2,1,4,2771,2771,2772,2772,2772,2772,1,2,1,2801,2801,2801,2801,2801,2801,2,1,2,2755,2755,2755,2755,2755,2755,2,1,1,2785,2785,2785,2785,2785,2785,2,1,1,2785,2785,2785,2785,2785,2785,1,8,1,2785,2785,2785,2785,2785,2785,1,2,1,2783,2783,2783,2783,2783,2783,2,1,1,2784,2784,2784,2784,2784,2784,2,1,1,2789,2790,2790,2790,2790,2790,1,2,1,2767,2767,2767,2767,2767,2767,1,2,1,2777,2778,2778,2778,2778,2778,2,2,2,2771,2771,2771,2771,2771,2771,1,1,1,2777,2777,2777,2777,2777,2777,1,1,2,2769,2769,2769,2769,2769,2769,2,2,1,2785,2786,2786,2786,2786,2786,1,2,2,2777,2777,2777,2777,2777,2777,1,1,1
20,4,692,692,692,692,692,692,11,2,10,1,2,9,1,2,2,3,5,1,1,2,1113,1113,1113,1113,1113,1113,2,5,6,1,2,1,2,2,1,2,2,2,1,2,2,1,2,2,2,1,1,1,2,2,1,1,1,2,1,1,2,1,2,1,1,1,2,1,2,1,2,1,1,1,1,1,1,1,2,1,2,2,1,1,1,1,1,1,2,1,2,2,1,2,1,1,2,1,1,1,1,1,1,2,2,1,1,1,2,2,1,1,1,2,1,1,1,1,1,2,1,1,1,1,1,1,1,2,1,1,1,1,2,1,2,1,1,1,2,1,2,1,2,2,1,1121,1121,1121,1121,1121,1121,1,1,1,1,41,2,2,2,1,1,2,1,1,1,1,1,2,2,1,2,2,1,2,1,2,2,2,1,1,1,1,2,2,1,1,1,2,1,1,2,1,1,2,1,1,2,2,2,1,2,1,2,1,2,2,1,2,2,2,1117,1117,1117,1117,1117,1117,2,1,1,2,1,2,1,2,1,1,2,1,2

216,217,217,217,217,217
200,200,200,200,200,200,222,222,222,222,222,222,203,203,203,203,203,203,90,90,90,90,90,90,221,221,221,221,221,221,211,211,211,211,211,211,230,230,230,230,230,230,218,218,219,219,219,219,215,215,215,215,215,215,214,214,214,214,214,214,217,217,217,217,217,217,215,215,215,215,215,216,207,208,208,208,208,208,228,228,228,229,229,229,227,227,227,227,227,227,225,225,225,225,225,225,222,222,222,222,222,222,226,226,226,226,226,226,220,220,220,220,220,220,222,222,222,222,222,222,224,224,224,224,224,224,214,214,214,214,214,214,233,233,233,233,233,233,219,219,219,219,219,219,224,224,224,224,224,224,225,225,225,225,225,225,216,216,216,216,216,216,229,229,229,229,229,229,211,211,212,212,212,212,222,222,222,222,222,222,226,226,226,227,227,227,220,220,220,220,220,220,86,86,86,86,86,86,213,214,214,214,214,214,226,226,226,226,226,226,225,225,225,225,225,225,226,226,226,226,226,226,223,223,223,223,223,223,225,225,225,225,225,225,224,224,224,224,224,224,219,219,219,219,219,219,222,222,222,222,222,222,222,222,222,222,222,222,213,213,213,213,213,213,209,209,209,209,209,209,220,220,220,220,220,220,214,214,214,214,214,214,86,86,86,86,86,86,216,217,217,217,217,217,213,213,213,213,213,213
318,318,318,318,318,318
289,289,289,289,289,289,294,294,294,294,294,294,287,287,287,287,287,287,287,287,287,287,287,287,304,304,304,304,304,304,299,299,299,299,299,299,308,308,308,308,308,308,294,294,294,294,294,294,295,295,295,295,295,295,311,311,311,311,311,311,291,291,291,291,291,291,295,295,295,295,295,295,249,249,249,249,249,249,294,294,294,294,294,294,292,292,292,292,292,292,298,298,298,298,298,298,297,298,298,298,298,298,294,294,294,294,294,294,295,295,295,295,295,295,296,296,296,296,297,297,308,308,308,308,308,308,299,299,299,299,299,299,296,296,296,296,296,296,292,292,292,292,292,292,306,306,306,306,306,306,301,301,301,301,301,301,305,305,305,305,305,305,297,297,298,298,298,298,300,300,300,300,300,300,296,296,296,296,296,296,288,288,288,288,288,288,295,295,295,295,295,295,306,306,306,306,306,306,269,269,269,269,269,269,299,299,299,299,299,299,293,293,293,293,293,293,287,287,287,287,287,287,303,303,303,303,303,303,299,299,299,299,299,299,294,294,294,294,294,294,297,297,297,297,297,297,300,300,300,300,300,300,299,299,299,299,299,299,293,294,294,294,294,294,297,298,298,298,298,298,287,287,287,287,287,287,296,296,296,296,296,296,301,301,301,301,301,301,294,294,294,294,294,294,297,297,297,297,297,297
82,82,82,82,82,82
2,2,2,2,2,2,23,23,23,23,23,23,35,35,35,35,35,35,14,14,14,14,14,14,22,22,22,22,22,22,3,3,3,3,3,3,16,16,16,16,16,16,16,16,16,16,16,16,18,18,18,18,18,18,23,23,23,23,23,23,29,29,29,29,29,29,24,24,24,24,24,24,28,28,28,28,28,28,228,228,228,228,228,228,20,20,21,21,21,21,25,25,25,25,25,25,30,30,30,30,30,30,18,18,18,18,18,18,23,23,23,23,23,23,24,24,24,24,24,24,26,26,26,26,26,26,9,9,9,9,9,9,17,17,17,17,17,17,222,222,222,222,222,222,19,19,19,19,19,20,19,19,19,19,19,19,18,18,18,18,18,18,29,29,29,29,29,29,19,19,19,19,19,19,20,20,20,20,20,20,20,20,20,20,20,20,214,214,214,214,214,214,28,28,28,28,28,28,23,23,23,23,23,23,20,20,20,20,20,20,29,29,29,29,29,29,28,28,28,28,28,28,27,27,27,27,27,27,15,15,15,15,15,15,27,27,27,27,27,27,31,31,31,31,31,31,29,29,29,29,29,29,30,30,30,30,30,30,19,19,19,19,19,19,22,23,23,23,23,23,18,18,18,18,18,18,29,29,29,29,29,29,14,14,14,14,14,14,23,23,23,23,23,23,27,27,27,27,27,27,15,15,15,15,15,15

0,1950,0,1886,0,14,1875,0,1872,0,4,1891,0,1893,0,4,1886,0,1891,0,15,1882,0,1889,0,5,1882,0,1893,0,5,1880,0,1891,0,7,1875,0,1893,0,4,1873,0,1891,0,3,1872,0,1892,0,5,1881,0,1893,0,5,1877,0,1883,0,4,1874,0,1889,0,4,1882,0,1888,0,4,1874,0,1893,0,5,1873,0,1891,0,5,1874,0,1893,0,5,1874,0,1889,0,5,1874,0,1893,0,4,1874,0,1890,0,5,1879,0,1891,0,3,1868,0,1893,0,4,1871,0,1880,0,5,1876,0,1891,0,4,1870,0,1888,0,4,1874,0,1894,0,4,1875,0,1887,0,4,1876,0,1898,0,5,1878,0,1889,0,4,1874,0,1889,0,5,1872,0,1893,0,4,1872,0,1890,0,4,1874,0,1890,0,4,1874,0,1893,0,4,1875,0,1896,0,4,1872,0,1889,0,4,1876,0,1897,0,4,1874,0,1891,0,4,1877,0,1893,0,5,1878,0,1891,0,4,1872,0,1894,0,3,1876,0,1891,0,4,1874,0,1889,0,3,1874,0,1893,0,4,1878,0,1889,0,4,1873,0,1893,0,4,1873,0,1893,0,3,1872,0,1890,0,4,1872,0,1890,0,5,1876,0,1893,0,5,1873,0,1891,0,5
16,1935,1,0,156,1,0,245,2193,0,5,0,250,2190,0,1,0,236,2195,0,1,0,245,2192,0,1,0,240,2193,0,1,0,243,2189,0,0,0,242,2186,0,0,0,243,2189,0,1,0,238,2192,0,1,0,245,2188,0,1,0,244,2188,0,1,0,244,2186,0,1,0,245,2188,0,0,0,246,2192,0,0,0,243,2189,0,0,0,244,2188,0,0,0,243,2187,0,1,0,245,2192,0,0,0,244,2189,0,1,0,244,2187,0,1,0,245,2188,0,0,0,243,2185,0,0,0,244,2188,0,0,0,244,2188,0,0,0,245,2191,0,0,0,245,2186,0,0,0,245,2197,0,0,0,243,2188,0,0,0,244,2187,0,0,0,245,2192,0,1,0,246,2188,0,0,0,244,2189,0,0,0,245,2190,0,0,0,246,2203,0,0,0,245,2193,0,1,0,245,2199,0,0,0,244,2190,0,0,0,243,2188,0,1,0,245,2189,0,1,0,245,2189,0,1,0,245,2188,0,0,0,244,2186,0,1,0,246,2190,0,0,0,244,2187,0,1,0,243,2192,0,0,0,244,2192,0,0,0,245,2188,0,0,0,245,2187,0,0,0,245,2190,0,0,0,245,2189,0,0
 0,0,216,2257,0,0,2040,0,0,184,1,2042,0,0,212,1,2050,0,0,221,1,2050,0,0,212,1,2044,0,0,219,0,2048,0,0,222,0,2038,0,0,222,0,2041,0,0,223,0,2035,0,0,226,1,2045,0,0,218,0,2040,0,0,228,1,2035,0,0,219,1,2046,0,0,220,1,2040,0,0,226,1,2040,0,0,221,1,2040,0,0,221,0,2040,0,0,216,0,2041,0,0,225,1,2040,0,0,226,0,2043,0,0,221,0,2034,0,0,221,0,2039,0,0,223,1,2043,1,0,222,0,2037,0,0,221,1,2039,0,0,225,1,2043,0,0,221,1,2042,0,0,223,1,2044,0,0,228,1,2039,0,0,220,0,2032,0,0,223,0,2037,0,0,224,0,2038,0,0,222,1,2038,0,0,223,0,2041,0,0,222,0,2036,0,0,217,1,2039,0,0,219,0,2041,0,0,223,0,2045,0,0,226,0,2043,0,0,218,1,2039,0,0,220,1,2039,0,0,223,1,2040,0,0,221,0,2041,0,0,223,0,2041,0,0,220,0,2038,0,0,224,1,2035,0,0,221,1,2037,0,0,225,0,2032,0,0,220,1,2038,0,0,223,1,2036,0,0,227,1,2038,0
2,0,183,2232,0,0,2038,0,0,237,2,2050,0,0,247,1,2049,0,0,242,1,2047,0,0,244,0,2049,0,0,244,1,2046,0,0,246,1,2044,0,0,243,0,2042,0,0,244,1,2041,0,0,246,1,2037,0,0,244,1,2041,0,0,244,1,2039,0,0,245,0,2046,0,0,245,1,2038,0,0,245,0,2035,0,0,246,1,2038,0,0,244,0,2037,0,0,245,0,2040,0,0,244,0,2040,0,0,245,0,2044,0,0,250,1,2039,0,0,244,1,2038,0,0,245,0,2041,0,0,244,0,2032,0,0,244,0,2035,0,0,244,1,2039,0,0,244,0,2042,0,0,242,0,2041,0,0,245,0,2040,0,0,243,0,2039,0,0,243,1,2037,0,0,245,1,2039,0,0,245,0,2038,0,0,244,0,2041,0,0,244,0,2037,0,0,239,1,2041,0,0,244,0,2041,0,0,244,1,2047,0,0,244,1,2043,0,0,245,0,2039,0,0,244,0,2044,0,0,245,1,2036,0,0,243,1,2040,0,0,244,1,2044,0,0,245,0,2034,0,0,245,1,2040,0,0,245,0,2037,0,0,245,1,2036,0,0,245,1,2038,0,0,246,0,2037,0,0,246,0
1,1937,0,0,241,0,0,233,2199,0,1,0,232,2176,1,1,0,231,2182,0,1,0,232,2180,0,0,0,232,2187,0,1,0,236,2181,0,0,0,229,2180,0,0,0,230,2178,0,1,0,223,2181,0,0,0,237,2177,0,1,0,236,2176,0,1,0,236,2177,0,1,0,233,2175,0,1,0,238,2181,0,0,0,239,2177,0,1,0,234,2179,0,0,0,232,2179,0,0,0,233,2180,0,0,0,235,2181,0,1,0,228,2173,0,1,0,237,2180,0,0,0,236,2174,0,0,0,233,2179,0,0,0,238,2175,0,1,0,236,2183,0,1,0,237,2175,0,0,0,235,2184,0,1,0,229,2175,0,0,0,229,2175,0,1,0,235,2179,0,1,0,241,2178,0,1,0,235,2180,0,0,0,232,2179,0,0,0,239,2186,0,1,0,235,2180,0,1,0,234,2192,0,0,0,232,2177,0,1,0,228,2175,0,0,0,230,2176,0,1,0,237,2177,0,1,0,231,2179,0,1,0,231,2174,0,0,0,232,2177,0,0,0,235,2176,0,0,0,233,2184,0,1,0,233,2186,0,0,0,231,2176,0,1,0,233,2177,0,0,0,232,2175,0,1,0,237,2185,0,0,0,235
1,0,19,2046,0,1,2067,0,0,12,5,2071,0,0,4,0,2071,0,0,4,1,2061,0,0,6,0,2063,0,0,5,1,2063,0,0,8,0,2058,0,0,7,1,2058,0,0,6,1,2055,0,0,9,0,2058,0,0,9,0,2058,0,0,9,1,2058,0,0,8,1,2065,0,0,5,0,2055,0,0,9,1,2056,0,0,21,0,2059,0,0,7,1,2057,0,0,9,0,2057,0,0,8,1,2056,0,0,12,0,2060,0,0,9,0,2054,0,0,9,1,2056,0,0,8,0,2057,0,0,6,1,2053,0,0,9,1,2056,0,0,11,1,2057,0,0,6,1,2058,0,0,8,1,2059,0,0,12,1,2057,0,0,3,1,2054,0,0,6,9,2055,0,0,9,0,2057,0,0,8,0,2055,0,0,10,0,2057,0,0,11,1,2056,0,0,3,1,2059,0,0,7,0,2057,0,0,8,1,2054,0,0,13,1,2060,0,0,4,0,2055,0,0,8,0,2057,0,0,9,1,2056,0,0,7,1,2056,0,0,12,0,2060,0,0,8,0,2055,0,0,8,1,2054,0,0,7,0,2055,0,0,8,1,2054,0,0,8,0,2058,0,0,11,0,2055,0,0,11,1,2059,0



512KB
20,20,20,20,20,20,15,16,16,16,16,16,14,14,14,14,14,14,5,5,5,5,5,5,7,7,7,7,7,7,6,6,6,6,6,6,6,6,6,6,6,6,6,6,6,6,6,6,6,6,6,6,6,6,5,5,5,5,5,5,6,6,6,6,6,6,5,5,5,5,5,5,5,5,5,5,5,5,6,6,6,6,6,6,6,6,6,6,6,6,5,5,5,5,5,5,5,5,5,5,5,5,5,6,6,6,6,6,6,6,6,6,6,6,6,6,6,6,6,6,5,5,5,5,5,5,6,6,6,6,6,6,6,6,6,6,6,6,11,11,11,12,12,12,5,5,5,5,5,5,5,5,5,5,5,5,5,5,5,6,6,6,5,5,5,5,5,5,6,6,6,6,6,6,6,6,6,7,7,7,5,5,5,5,5,5,6,6,6,6,6,6,6,6,6,6,6,6,6,6,6,6,6,6,6,7,7,7,7,7,6,6,6,6,6,6,6,6,6,6,6,6,6,6,6,6,6,6,6,6,6,6,6,6,5,5,5,5,5,5,5,5,5,5,5,5,5,5,5,5,5,5,6,6,6,6,6,6,6,6,6,6,6,6,6,6,6,6,6,6,5,5,6,6,6,6,5,5,5,5,5,5,5,5,5,5,5,5,6,6,6,6,6,6,5,5,5,5,5,5,5,5,5,5,5,5,5,5,5,5,5,5
17,17,17,17,17,18,17,17,17,17,17,17,6,6,6,6,6,6,8,8,8,8,8,8,6,6,6,6,6,6,6,6,6,6,6,6,6,6,6,6,6,6,5,5,5,5,5,5,5,5,5,5,5,5,5,5,5,5,5,5,6,6,6,6,6,6,5,5,5,5,5,5,5,5,5,5,5,5,6,6,6,6,6,6,5,5,5,5,5,5,5,5,5,5,5,5,5,5,6,6,6,6,6,6,6,6,6,6,6,6,6,6,6,6,6,6,6,6,6,6,5,5,5,5,5,5,7,7,7,7,7,7,5,5,5,5,5,6,5,5,5,5,5,6,5,5,5,5,5,6,5,6,6,6,6,6,5,5,5,5,5,5,7,8,8,8,8,8,5,5,6,6,6,6,10,10,10,10,10,10,5,5,5,6,6,6,5,6,6,6,6,6,6,6,6,6,6,6,6,6,6,6,6,6,5,5,5,5,5,5,5,5,5,6,6,6,5,5,5,5,5,5,5,5,5,5,5,5,6,6,6,6,6,6,5,5,5,5,5,5,5,5,5,5,5,5,5,5,5,5,5,5,5,5,5,5,5,5,5,5,5,5,5,5,5,5,5,6,6,6,6,6,6,6,6,6,6,6,6,6,6,6,5,5,5,5,5,5,5,6,6,6,6,6,6,6,6,6,6,7,5,5,5,5,5,5,6,6,6,6,6,6
10,10,10,10,10,10,6,6,6,6,6,6,6,6,6,6,6,6,12,12,12,12,12,12,5,5,5,5,5,5,5,5,5,5,5,5,6,6,6,6,6,6,6,6,6,6,6,6,5,5,5,5,5,5,6,6,6,6,6,6,9,9,9,9,9,9,7,7,7,7,7,7,6,6,6,6,6,6,6,6,6,6,6,6,7,7,7,7,7,7,7,7,7,7,7,7,7,7,7,7,7,7,6,6,6,6,6,6,6,6,6,6,6,6,6,6,6,6,6,6,6,6,6,6,6,6,6,6,6,6,6,6,6,6,6,6,6,6,6,6,6,6,6,6,6,6,6,6,6,6,6,6,6,6,6,7,6,6,6,6,12,12,5,5,5,5,5,5,5,5,5,5,5,6,5,5,5,5,5,5,6,6,6,6,6,6,6,6,6,6,6,6,6,6,6,6,6,6,6,6,6,6,6,6,6,7,7,7,7,7,6,6,6,6,6,7,6,6,6,6,6,6,6,6,6,6,6,6,6,6,6,6,6,6,6,6,6,6,6,6,6,6,6,6,6,6,7,7,7,7,7,7,5,5,5,5,5,5,6,6,6,6,6,6,6,6,6,6,6,6,6,6,6,6,6,6,5,5,5,5,5,5,5,5,5,5,5,5,5,5,5,5,5,5,5,5,5,5,5,5,6,6,6,6,6,6,6,6,6,6,6,6
7,7,7,7,7,7,14,14,14,14,14,14,13,13,13,13,13,13,6,7,7,7,7,7,5,5,6,6,6,6,5,5,5,5,5,5,6,6,6,6,6,6,6,6,6,6,6,6,5,5,5,5,5,5,5,5,5,5,5,5,6,6,6,6,6,6,5,5,5,5,5,5,5,5,5,5,5,5,6,6,6,6,6,6,6,6,6,6,6,6,5,6,6,6,6,6,6,6,6,6,6,6,5,5,5,5,5,5,6,6,6,6,6,6,6,6,6,6,6,6,6,6,6,6,6,6,6,6,6,6,6,6,6,6,6,6,6,6,5,5,5,5,5,5,6,6,6,6,6,6,7,7,7,7,7,7,5,5,5,5,5,5,5,5,5,5,5,6,5,5,5,5,5,5,6,6,6,6,6,6,5,5,5,5,5,5,5,5,5,5,5,5,6,6,6,6,6,6,6,6,6,6,6,6,6,6,6,6,6,6,6,6,6,6,6,6,5,5,5,5,5,5,5,5,5,5,5,5,5,5,5,5,5,5,6,6,6,6,6,6,6,6,6,6,6,6,6,6,6,6,6,6,5,5,5,5,5,5,5,6,6,6,6,6,5,5,5,5,5,5,6,6,6,6,6,6,5,5,5,5,5,5,5,5,5,5,5,5,6,6,6,7,7,7,6,6,6,6,6,6,5,5,5,5,5,5
13,13,13,13,13,13,7,7,7,7,7,7,7,7,7,7,7,10,7,7,7,7,7,7,7,7,7,7,7,7,14,14,14,14,14,14,6,6,6,6,6,6,6,6,6,6,6,7,6,6,6,6,6,6,7,7,7,7,7,7,7,7,7,7,7,7,7,7,7,7,7,7,7,7,7,7,7,7,6,6,6,6,6,6,7,7,7,7,7,7,6,6,6,6,7,7,6,6,6,6,6,6,6,6,7,7,7,7,6,6,6,6,6,6,5,6,6,6,6,6,6,6,6,6,6,6,6,6,6,6,6,6,6,6,6,6,6,6,6,6,6,6,6,7,6,6,6,6,6,6,6,6,6,6,6,6,6,7,7,7,7,7,6,6,6,6,6,6,6,6,6,6,6,6,6,6,7,7,7,7,6,6,6,6,6,6,6,6,6,6,6,6,6,6,6,6,6,6,6,6,6,6,6,6,5,6,6,6,6,6,6,6,6,6,6,6,6,6,6,6,6,6,7,7,7,7,7,7,6,6,6,6,6,6,7,7,7,7,7,7,6,7,7,7,7,7,6,6,6,6,6,6,6,6,6,6,6,6,7,7,7,7,7,7,7,7,7,7,7,7,6,6,7,7,7,7,6,6,6,6,6,6,6,7,7,7,7,7,6,6,6,6,6,6,7,7,7,7,7,7,6,6,6,6,6,6
6,6,6,6,6,6,15,15,15,15,15,15,6,6,6,6,6,6,6,6,6,6,6,6,7,7,7,7,7,7,6,6,6,6,6,6,5,5,5,6,6,6,5,5,5,5,5,5,6,6,6,6,6,6,6,6,6,6,6,6,6,6,6,6,6,6,6,6,6,6,6,6,6,6,6,6,6,6,5,5,5,5,6,6,6,6,6,6,6,6,5,5,5,5,5,5,6,6,6,6,6,6,6,6,6,6,6,6,6,6,6,6,6,6,6,6,6,6,6,6,6,6,6,6,6,6,5,5,5,5,5,5,6,6,6,6,6,6,6,6,7,8,8,8,7,7,7,7,7,7,5,6,6,6,6,6,5,5,5,5,5,5,5,6,6,6,6,6,5,5,5,5,5,5,6,6,6,6,6,6,6,6,6,6,6,6,5,6,6,6,6,6,6,6,6,6,6,6,5,6,6,6,6,6,6,6,6,6,6,6,6,6,6,6,6,6,6,6,6,6,6,6,6,6,6,6,6,6,5,6,6,6,6,6,6,6,6,6,6,6,6,6,6,6,6,6,6,6,6,6,6,6,5,5,5,5,5,5,5,5,5,5,5,5,6,6,6,6,6,6,6,6,6,6,6,6,6,6,6,6,6,6,5,5,5,5,5,5,6,6,6,6,6,6,6,6,6,6,6,6,5,5,5,5,5,5

8,584,584,584,584,584,584,212,212,212,212,212,212,11,3,2,129,129,129,129,129,129,7,2,2,160,160,160,160,160,160,1,1,2,169,169,169,169,169,169,1,2,10,174,174,174,174,174,174,8,2,2,175,175,175,175,175,175,3,7,8,169,169,169,169,169,169,1,2,2,174,174,174,174,174,174,1,2,1,181,181,181,181,182,182,1,1,2,178,178,178,178,178,178,3,2,1,171,171,171,171,171,171,1,1,1,173,173,173,173,173,173,1,1,1,164,164,164,164,164,164,2,1,1,165,165,165,165,165,165,2,2,1,156,156,156,156,156,156,2,1,1,186,186,186,186,186,186,2,2,1,158,158,158,158,158,158,1,4,1,175,175,175,175,175,175,2,1,1,170,170,170,170,170,170,1,6,2,170,171,171,171,171,171,2,2,1,161,161,161,161,161,161,2,2,1,177,177,177,177,177,177,1,1,2,170,170,170,170,170,170,1,1,2,163,163,163,163,163,163,2,1,1,176,176,176,176,176,176,2,4,1,164,164,164,164,164,164,1,1,1,149,149,149,149,149,149,1,2,2,167,167,167,167,167,167,1,2,1,170,170,170,170,170,170,2,1,1,172,173,173,173,173,173,2,2,2,165,165,165,165,165,165,1,1,1,171,171,171,171,171,171,1,1,2,168,168,168,168,168,168,1,2,2,169,169,169,169,169,169,1,1,2,182,182,182,182,182,182,2,2,1,180,181,181,181,181,181,1,2,1,165,165,165,165,165,165,2,2,1,177,177,177,177,177,177,2,2,2,184,184,184,184,184,184,1,1,1,168,168,168,168,168,168,1,1,1,168,168,168,168,168,168,1,1,8,175,175,175,175,175,175,1,1,1,186,186,186,186,186,186,1,1,1,174,174,174,174,174,174,2,1,1,173,173,173,173,173,173,1,2,1,173,173,173,173,173,173,1,2,1,185,185,185,185,185,185,1,2,1,159,159,159,159,159,159,1,1,1,167,167,167,167,167,167,2,1,1,180,180,180,180,180,180,1,8,1,176,176,176,176,176,176,1,2,1
25,4,1375,1375,1375,1375,1375,1375,7,10,2,2806,2806,2806,2806,2806,2806,2,27,2813,2813,2813,2813,2813,2813,1,1,2805,2805,2805,2805,2805,2805,4,2,2790,2790,2790,2790,2790,2790,1,1,2797,2797,2797,2797,2797,2797,1,1,2790,2790,2790,2790,2790,2790,1,1,2795,2795,2795,2795,2795,2795,1,1,2803,2804,2804,2804,2804,2804,1,2,2803,2803,2803,2803,2803,2803,1,1,2807,2807,2807,2807,2807,2808,2,1,2800,2800,2800,2800,2800,2800,2,1,2790,2790,2790,2790,2790,2790,1,1,2796,2796,2796,2796,2796,2796,1,2,2793,2793,2793,2793,2793,2793,1,1,2811,2811,2811,2811,2811,2811,1,2,2792,2792,2792,2792,2792,2792,2,1,2801,2801,2801,2801,2801,2801,2,2,2801,2801,2801,2801,2801,2801,1,1,2800,2800,2800,2800,2800,2800,2,8,2795,2795,2795,2795,2795,2795,2,1,2794,2794,2794,2800,2800,2800,2,2,2805,2805,2805,2805,2805,2805,1,1,2792,2793,2793,2793,2793,2793,2,2,2799,2799,2799,2799,2799,2799,1,1,2797,2797,2797,2797,2797,2797,2,2,2794,2794,2794,2794,2794,2794,1,1,2802,2802,2802,2802,2802,2802,1,2,2798,2798,2798,2798,2798,2798,1,1,2798,2798,2798,2798,2798,2798,1,1,2792,2792,2792,2792,2792,2792,2,1,2800,2800,2800,2800,2800,2800,1,1,2806,2806,2806,2806,2806,2806,1,2,2804,2804,2804,2804,2804,2804,2,1,2806,2806,2806,2806,2806,2806,2,1,2798,2798,2798,2799,2799,2799,1,2,2796,2796,2796,2796,2796,2796,2,1,2790,2791,2791,2791,2791,2791,2,2,2813,2813,2813,2813,2813,2813,2,1,2801,2801,2801,2801,2801,2801,2,2,2796,2796,2796,2796,2796,2796,1,1,2807,2807,2807,2807,2807,2807,1,2,2815,2815,2815,2815,2815,2815,1,1,2796,2796,2796,2796,2796,2796,1,1,2804,2804,2804,2804,2804,2804,1,1,2797,2797,2797,2797,2797,2797,1,2,2796,2796,2796,2796,2796,2796,2,1,2777,2777,2777,2777,2777,2777,1,2,2800,2800,2801,2801,2801,2801,2,1,2804,2804,2804,2804,2804,2804,1,2,2797,2797,2797,2797,2797,2797,1,1
24,3,4,1185,1185,1185,1185,1185,1185,10,717,718,718,718,718,718,1,6,1,712,712,712,712,712,712,2,1,1,697,697,697,697,697,697,2,2,1,705,705,705,706,706,706,2,2,3,709,709,709,709,709,709,1,2,1,722,722,722,722,722,722,1,2,1,715,715,715,715,715,715,1,3,2,702,702,702,702,702,702,1,2,1,705,705,705,705,706,706,20,2,2,706,706,706,706,706,706,2,1,1,720,720,720,720,720,720,1,2,2,709,709,709,709,709,709,2,2,1,706,706,706,706,706,706,2,2,2,704,704,704,704,704,705,1,1,2,712,712,712,712,712,712,1,1,1,708,708,708,708,708,708,2,1,3,718,718,718,718,718,718,1,1,2,714,714,714,714,714,714,2,2,1,713,713,713,713,713,713,1,1,2,701,701,701,701,701,702,1,2,1,714,714,714,714,714,714,2,1,1,714,714,714,714,715,715,1,1,1,701,701,701,701,701,701,1,1,1,717,717,717,717,717,717,1,2,1,714,714,714,714,714,714,1,1,1,711,711,711,711,711,711,1,2,1,722,722,722,722,722,722,1,1,1,712,712,712,712,712,712,2,1,2,698,698,698,698,698,698,1,1,1,713,713,713,713,713,713,1,1,1,711,711,711,712,712,712,1,1,1,714,714,714,714,714,714,2,1,1,712,712,712,712,712,712,1,1,2,708,708,708,708,708,708,2,1,2,706,706,706,706,706,706,1,2,2,708,708,708,708,708,708,1,1,2,700,700,700,700,700,700,1,2,2,715,716,716,716,716,716,1,1,1,704,704,704,704,704,704,2,1,1,705,705,705,705,705,705,2,1,1,718,718,718,718,718,718,1,1,2,710,710,710,710,710,710,2,2,2,706,706,706,706,706,706,2,1,2,725,725,725,725,725,725,1,1,1,721,721,721,721,721,721,2,1,1,723,723,723,723,723,723,2,1,1,683,683,683,683,683,683,2,2,2,711,712,712,712,712,712,1,1,1,708,708,708,708,708,708,1,1,2,716,716,716,716,716,716,1,1,1,703,703,703,703,703,703,1
24,2,11,1253,1253,1253,1253,1253,1254,2,680,681,681,681,681,681,7,6,10,682,682,682,682,682,682,2,2,3,687,687,687,687,687,687,1,2,2,675,675,675,675,675,675,1,1,2,682,682,682,682,682,682,1,2,2,681,681,681,681,681,681,5,1,1,686,686,687,687,687,687,2,1,2,680,680,680,680,680,680,1,2,1,680,680,680,680,680,680,2,1,2,672,672,672,672,672,672,2,2,1,700,700,700,700,700,700,2,2,1,675,675,676,676,676,676,1,1,1,685,685,685,685,685,685,1,1,1,668,669,669,669,669,669,2,1,2,689,689,689,689,689,689,1,1,1,683,683,683,683,683,683,1,1,2,672,672,673,673,673,673,2,1,2,684,684,684,684,684,684,1,1,1,678,678,678,678,678,678,1,1,2,681,681,681,681,681,681,1,2,1,693,693,693,694,694,694,2,2,1,682,682,682,682,682,682,1,2,1,686,686,686,686,686,686,1,2,1,672,672,672,672,672,672,2,2,1,685,685,685,685,685,685,2,2,1,688,688,688,688,688,689,1,1,1,677,677,677,677,677,677,1,2,1,676,676,676,676,676,676,2,6,2,672,672,672,672,672,672,1,1,1,684,684,684,684,684,684,1,2,2,688,688,688,688,688,688,2,1,2,675,675,675,675,675,675,2,1,1,695,695,695,695,695,695,1,2,2,684,684,684,684,684,684,1,2,1,682,682,682,682,682,682,2,2,2,681,681,681,681,681,681,2,1,2,675,675,675,675,675,675,2,1,1,690,690,690,690,690,690,2,6,1,673,673,673,673,673,673,1,2,2,676,676,676,676,676,676,1,1,1,690,690,690,690,690,690,1,1,1,676,676,676,676,676,676,2,1,1,690,690,690,690,690,690,1,1,1,687,687,687,687,687,687,2,1,1,678,678,678,678,678,678,2,2,1,683,683,683,683,683,683,1,1,1,660,660,660,660,660,660,2,1,1,693,693,693,693,693,693,2,2,2,681,681,681,681,681,681,1,1,1,690,690,690,690,690,690,2,2,1,670,670,670,670,670,670
17,5,1144,1144,1144,1144,1144,1144,4,1258,1258,1258,1258,1258,1258,11,2671,2671,2671,2672,2672,2672,1,1303,1303,1303,1303,1303,1303,9,2668,2668,2668,2668,2668,2668,2,1320,1320,1320,1320,1320,1320,1,2662,2662,2662,2662,2662,2662,1,1281,1281,1281,1281,1281,1281,1,2658,2658,2658,2658,2658,2658,3,1313,1314,1314,1314,1314,1314,4,2673,2673,2673,2673,2673,2674,1,1304,1304,1304,1304,1304,1304,1,2669,2669,2669,2669,2669,2669,1,1305,1305,1305,1305,1305,1311,1,2669,2669,2669,2669,2669,2669,1,1287,1287,1287,1287,1287,1287,2,2677,2677,2677,2677,2677,2677,2,1311,1311,1311,1311,1311,1311,1,2675,2675,2675,2675,2675,2675,1,1287,1287,1287,1287,1287,1287,1,2658,2658,2658,2658,2658,2658,2,1308,1308,1308,1308,1308,1308,2,2676,2676,2676,2676,2676,2676,1,1292,1292,1292,1292,1292,1292,1,2665,2665,2665,2665,2665,2665,1,1310,1310,1310,1310,1310,1310,1,2676,2676,2677,2677,2677,2677,2,1295,1296,1296,1296,1296,1296,2,2663,2663,2663,2663,2663,2663,2,1303,1303,1303,1303,1303,1303,2,2670,2670,2670,2670,2670,2670,1,1290,1290,1290,1290,1290,1290,2,2661,2661,2661,2661,2661,2661,1,1309,1309,1309,1309,1309,1309,1,2675,2675,2675,2675,2675,2675,1,1278,1278,1278,1278,1278,1278,2,2662,2662,2662,2662,2662,2662,2,1309,1309,1309,1309,1309,1309,2,2668,2668,2668,2668,2668,2668,1,1301,1301,1301,1301,1301,1301,1,2648,2648,2648,2648,2648,2648,1,1316,1316,1316,1316,1316,1316,2,2670,2670,2670,2670,2670,2670,1,1291,1291,1291,1291,1291,1291,1,2665,2665,2665,2665,2665,2665,1,1168,1168,1168,1168,1168,1168,1,2660,2660,2660,2660,2660,2660,1,1303,1303,1303,1303,1303,1303,1,2652,2652,2652,2653,2653,2653,1,1304,1304,1304,1304,1304,1304,1,2659,2659,2659,2659,2659,2659,1,1287,1287,1287,1287,1287,1287,1,2661,2661,2661,2661,2661,2661,1,1308,1308,1308,1309,1309,1309,1,2662,2662,2662,2662,2662,2662,1,1302,1302,1302,1302,1302,1302,2,2664,2664,2664,2664,2664,2664,1,1312,1312,1312,1312,1312,1312,2,2655,2655,2655,2655,2655,2655,2,1295,1295,1295,1295,1295,1295,1,2659,2659,2659,2659,2659,2659,2,1304,1304,1304,1304,1304,1304,2,2660,2660,2660,2660,2660,2660,2,1293,1293,1293,1293,1293,1293,1,2656,2656,2656,2656,2656,2656,1,1310,1310,1310,1310,1310,1310,1,2663,2663,2663,2663,2663,2663,2,1307,1307,1307,1307,1307,1307,2,2669,2669,2669,2669,2669,2669,1,1303,1303,1303,1303,1303,1303,2,2661,2661,2661,2661,2661,2661,2,1298,1298,1298,1298,1298,1298,1,2667,2667,2667,2667,2667,2667,1,1297,1297,1297,1298,1298,1298,1,2662,2662,2662,2662,2662,2662,4,1293,1293,1293,1293,1293,1293,1,2678,2679,2679,2679,2679,2679,2,1308,1308,1308,1308,1308,1308,1,2660,2660,2660,2660,2660,2660,2,1304,1304,1304,1304,1304,1304,1,2671,2671,2671,2671,2671,2671,1,1304,1304,1304,1304,1304,1304,1,2668,2668,2668,2668,2668,2668,1,1300,1300,1300,1301,1301,1301,1,2681,2681,2681,2681,2681,2681,1,1305,1305,1305,1305,1305,1305,1,2679,2679,2679,2679,2679,2679,2,1289,1289,1289,1289,1289,1289,1,2656,2656,2656,2656,2656,2656,1,1307,1307,1307,1307,1307,1307,1,2669,2669,2669,2669,2669,2669,1,1293,1293,1293,1293,1293,1293,2,2663,2663,2663,2663,2663,2663,1,1310,1310,1310,1310,1310,1310,1,2633,2633,2633,2633,2633,2633,1,1286,1286,1286,1286,1286,1286,2,2662,2662,2662,2662,2662,2662,2,1305,1305,1305,1305,1305,1305,1,2672,2672,2672,2672,2672,2672,1,1299,1299,1299,1299,1299,1299,1,2663,2663,2663,2663,2663,2663,2,1310,1310,1310,1310,1310,1310,1
14,3,590,590,591,591,591,591,7,1,1057,1058,1058,1058,1058,1058,14,1,6,1042,1042,1042,1042,1042,1042,2,2,1,1053,1053,1054,1054,1054,1054,2,2,1,1040,1040,1040,1040,1040,1040,1,4,3,1042,1042,1042,1042,1042,1042,2,2,1,1048,1048,1048,1048,1048,1048,2,2,1,1058,1058,1058,1058,1058,1058,2,1,2,1049,1049,1049,1049,1049,1049,1,1,2,1056,1056,1056,1056,1056,1056,1,1,1,1047,1047,1047,1047,1048,1048,1,1,1,1054,1054,1054,1054,1054,1054,2,2,2,1046,1046,1046,1046,1046,1046,2,2,2,1049,1049,1049,1049,1049,1049,1,1,1,1048,1048,1048,1048,1048,1048,2,1,1,1048,1048,1048,1048,1048,1048,2,2,2,1051,1051,1051,1051,1051,1051,1,2,1,1047,1047,1047,1047,1047,1047,2,2,2,1048,1049,1049,1049,1049,1049,2,1,1,1048,1048,1048,1048,1048,1048,2,1,2,1052,1052,1052,1052,1052,1052,1,2,2,1051,1052,1052,1052,1052,1052,1,2,1,1049,1049,1049,1049,1049,1049,1,1,1,1045,1045,1045,1045,1045,1045,1,2,2,1050,1050,1050,1050,1050,1050,1,1,1,1050,1050,1050,1050,1050,1050,1,1,1,1053,1053,1053,1053,1053,1053,1,1,1,1051,1051,1051,1051,1051,1051,4,1,1,1052,1052,1052,1052,1052,1052,2,1,1,1038,1038,1038,1038,1038,1038,2,1,1,1049,1049,1049,1049,1049,1049,2,2,1,1055,1055,1055,1055,1055,1055,2,2,2,1050,1051,1051,1051,1051,1051,1,15,1,1051,1051,1051,1051,1051,1051,2,1,1,1049,1049,1049,1049,1049,1049,2,1,2,1051,1051,1051,1051,1051,1051,2,2,1,1050,1050,1050,1050,1050,1050,2,1,2,1039,1039,1039,1039,1039,1039,1,1,1,1050,1050,1050,1050,1050,1050,1,1,1,1047,1047,1047,1047,1047,1047,1,1,1,1052,1052,1052,1052,1052,1052,1,1,2,1053,1053,1053,1053,1053,1053,2,1,1,1044,1044,1044,1044,1044,1044,2,2,1,1047,1047,1047,1047,1047,1047,2,2,1,1048,1048,1048,1048,1048,1048,1,2,2,1048,1048,1048,1048,1048,1048,2,1,1,1054,1054,1054,1054,1054,1054,1,1,1,1024,1024,1024,1024,1024,1024,1,1,1,1059,1059,1059,1059,1059,1059,2,2,2,1046,1046,1046,1046,1046,1046,1,1,1,1053,1053,1053,1053,1053,1053,1,1,1,1043,1043,1043,1043,1043,1043,2

84,84,84,84,84,84
74,74,74,74,75,75,80,80,80,80,80,80,83,83,83,83,83,83,93,93,93,93,93,93,86,86,86,86,86,86,89,89,89,89,89,89,79,79,79,79,79,79,86,87,87,87,87,87,76,77,77,77,77,77,84,84,84,84,84,84,88,88,88,88,88,88,87,87,87,87,87,87,86,86,86,86,86,86,85,85,85,85,85,85,86,86,86,86,86,86,88,88,88,88,88,88,87,87,87,87,87,87,82,82,82,82,82,82,84,84,84,84,84,84,81,81,81,81,81,81,85,85,85,85,85,85,85,85,85,85,85,85,86,87,87,87,87,87,84,84,84,84,84,84,90,90,90,90,90,90,86,87,87,87,87,87,91,91,91,91,91,91,85,85,85,85,85,86,94,94,94,94,94,94,84,84,84,84,84,84,83,83,83,83,83,83,85,85,85,85,85,85,87,87,87,87,87,87,85,85,85,85,85,85,86,86,86,86,86,86,85,85,85,85,85,85,91,91,91,91,91,91,87,87,87,87,87,87,95,95,95,95,95,95,86,86,86,86,86,86,86,86,86,86,86,86,84,84,84,84,84,84,89,89,89,89,89,89,89,89,89,89,89,89,85,85,85,85,85,85,88,88,88,88,88,88,83,83,83,83,83,83,76,76,76,76,76,76,86,86,87,87,87,87,85,85,85,85,85,85,87,87,87,87,87,87
245,245,245,245,245,245
251,251,251,251,251,251,253,253,253,253,253,253,245,245,245,245,245,245,249,249,249,249,249,249,248,248,248,248,248,248,254,254,254,254,254,254,245,245,245,245,245,245,248,249,249,249,249,249,250,250,250,250,250,250,251,251,251,251,251,251,243,243,243,243,243,243,246,246,246,246,246,246,247,247,247,247,247,247,248,248,248,248,248,248,253,253,253,253,253,253,248,248,248,248,248,248,249,249,249,249,249,249,245,245,245,245,245,245,242,242,242,242,242,242,250,250,250,250,250,250,249,249,249,249,249,249,252,252,252,252,252,252,249,249,249,249,250,250,248,248,248,248,248,248,248,248,248,248,248,248,250,250,250,250,250,250,245,245,245,245,245,245,248,248,248,248,248,248,251,251,251,251,251,251,248,248,248,248,248,248,249,249,249,249,249,249,249,249,249,249,249,249,250,250,250,250,250,250,247,247,247,247,247,247,249,249,249,249,249,249,246,247,247,247,247,247,245,245,245,245,245,245,246,246,246,246,246,246,246,246,246,246,247,247,253,253,253,253,253,253,245,245,245,245,245,245,246,246,246,246,246,246,246,246,246,246,246,246,247,247,247,247,247,247,249,249,249,249,249,249,244,245,245,245,245,245,245,245,245,246,246,246,247,247,248,248,248,248,252,252,252,252,252,252,248,248,248,248,248,248
80,80,80,80,80,80
44,44,44,44,44,44,54,54,54,54,54,54,67,67,67,67,67,67,58,58,58,58,58,58,63,63,63,63,63,63,49,49,49,49,49,49,77,77,77,77,77,77,70,70,70,70,70,70,63,63,63,63,63,63,78,78,78,78,78,78,64,64,64,64,65,65,67,67,67,67,67,67,53,53,53,53,53,53,58,58,58,58,58,58,62,62,62,62,62,62,65,65,65,65,65,65,60,60,60,60,60,60,59,60,60,60,60,60,66,66,66,66,66,66,61,61,61,61,61,61,51,51,51,51,51,51,74,74,74,74,74,74,78,78,78,78,78,78,67,67,67,67,67,68,53,53,53,53,53,53,66,66,66,66,66,66,66,66,66,66,66,66,62,62,62,62,62,62,81,81,81,81,81,81,74,74,74,74,74,74,68,68,68,68,68,68,63,63,63,63,63,63,62,62,62,62,62,62,69,69,69,69,69,69,67,67,67,67,67,67,61,62,62,62,62,62,68,68,68,68,68,68,62,62,62,62,62,62,58,58,58,58,58,58,74,74,74,74,74,74,68,68,68,68,68,68,58,58,58,58,58,58,77,77,77,77,77,77,62,62,62,62,62,62,65,65,65,65,65,65,64,65,65,65,65,65,65,65,65,65,65,65,68,68,68,68,68,68,60,60,60,60,60,60,73,73,73,73,73,73,71,71,71,71,71,71

1,1954,0,1875,0,17,1885,0,1889,0,14,1877,0,1894,0,5,1874,0,1895,1,7,1873,0,1892,0,6,1871,0,1895,0,6,1877,0,1891,0,6,1876,0,1894,0,6,1873,0,1901,0,5,1872,0,1899,0,6,1871,0,1892,0,5,1879,0,1888,0,5,1871,0,1890,0,6,1870,0,1890,0,6,1875,0,1885,0,5,1872,0,1894,0,6,1875,0,1890,0,6,1876,0,1897,0,6,1873,0,1892,0,6,1873,0,1890,0,5,1872,0,1887,0,6,1872,0,1889,0,6,1875,0,1889,0,12,1875,0,1890,0,5,1873,0,1893,0,5,1874,1,1893,0,6,1875,0,1888,0,5,1877,0,1890,0,6,1875,0,1888,0,7,1874,0,1891,0,5,1873,0,1887,0,6,1878,0,1889,0,6,1874,0,1893,0,6,1876,0,1899,0,7,1876,0,1894,0,6,1872,0,1893,0,6,1873,0,1888,0,6,1873,0,1890,0,6,1879,0,1891,0,6,1874,0,1892,0,5,1875,0,1887,0,5,1875,0,1895,0,6,1873,0,1902,0,6,1872,0,1900,0,6,1877,0,1894,0,6,1873,0,1891,0,5,1873,0,1889,0,5,1873,0,1887,0,6,1876,0,1896,0,5,1873,0,1894,0,5,1875,0,1889,0,5
18,1936,0,0,155,0,0,228,2179,0,0,1,245,2193,0,0,0,244,2191,0,0,0,238,2187,0,0,0,240,2187,0,0,0,245,2193,0,1,0,245,2193,0,0,0,245,2198,0,0,0,245,2195,0,0,0,245,2190,0,1,0,246,2187,0,0,0,245,2189,0,1,0,235,2188,0,1,0,243,2188,0,1,0,245,2201,1,0,0,245,2187,0,0,0,245,2192,0,0,0,244,2188,0,0,0,245,2188,0,1,0,245,2186,0,1,0,244,2184,0,1,0,245,2186,0,1,0,245,2189,0,1,0,244,2192,0,1,1,244,2192,0,1,0,244,2187,0,1,0,245,2189,0,0,0,245,2187,0,0,0,245,2196,0,0,0,244,2187,0,1,0,244,2189,0,0,0,245,2192,0,0,0,245,2196,0,0,0,244,2192,0,1,0,245,2192,0,1,0,244,2187,0,0,0,243,2187,0,1,0,244,2194,0,1,0,238,2190,0,0,0,245,2186,0,0,0,244,2190,0,0,0,242,2199,0,1,0,247,2198,0,1,0,244,2193,0,0,0,245,2187,0,1,0,246,2190,0,0,0,245,2192,0,0,0,245,2192,0,0,0,245,2193,0,1,0,246,2191,0,0,0
1,0,220,2261,0,1,2049,0,0,211,0,2049,0,0,208,1,2041,0,0,219,1,2040,0,0,217,1,2036,0,0,222,0,2047,0,0,220,1,2044,0,0,218,1,2037,0,0,217,0,2038,0,0,221,1,2036,0,0,219,0,2048,0,0,224,0,2034,0,0,219,0,2035,0,0,220,1,2037,0,0,222,0,2035,0,0,228,0,2038,0,0,219,1,2042,0,0,221,1,2040,0,0,223,0,2038,0,0,222,0,2037,0,0,219,1,2041,0,0,222,1,2035,0,0,223,1,2040,0,0,220,0,2040,0,0,220,0,2039,0,0,224,0,2042,0,0,218,0,2040,0,0,222,0,2038,0,0,221,0,2038,0,0,218,0,2039,0,0,213,0,2041,0,0,225,0,2036,0,0,221,0,2039,0,0,218,1,2040,0,0,223,0,2037,0,0,217,1,2037,0,0,223,0,2040,0,0,219,1,2044,0,0,223,0,2037,0,0,219,0,2040,0,0,221,0,2041,0,0,222,0,2036,0,0,222,0,2033,0,0,222,0,2043,0,0,222,0,2039,0,0,219,1,2042,0,0,225,0,2037,0,0,224,1,2042,0,0,221,0,2038,0,0,217,0,2042,0,0,219,1,2040,0
1,0,190,2225,0,1,2053,0,0,230,6,2044,0,0,230,0,2041,0,0,243,0,2040,0,0,243,0,2038,0,0,244,1,2042,0,0,239,1,2039,0,0,244,1,2036,0,0,243,0,2037,0,0,245,0,2038,0,0,244,1,2047,0,0,244,0,2036,0,0,244,0,2034,0,0,245,0,2038,0,0,244,1,2037,0,0,244,1,2037,0,0,243,0,2040,0,0,244,0,2037,0,0,251,0,2040,0,0,244,0,2035,0,0,253,0,2043,0,0,245,0,2038,0,0,244,0,2042,0,0,244,1,2034,0,0,245,0,2036,0,0,245,1,2040,0,0,244,0,2042,0,0,245,1,2038,0,0,246,1,2048,0,0,245,0,2038,0,0,244,1,2043,0,0,244,0,2038,0,0,244,1,2042,0,0,245,1,2041,0,0,245,1,2038,0,0,238,1,2041,0,0,244,0,2035,0,0,244,0,2039,0,0,244,1,2041,0,0,245,0,2038,0,0,245,1,2042,0,0,245,0,2038,0,0,243,0,2037,0,0,245,1,2044,0,0,243,0,2038,0,0,244,0,2043,0,0,245,0,2039,0,0,245,0,2037,0,0,244,1,2037,0,0,245,1,2046,0,0,244,0,2033,0
1,1939,0,0,243,2,0,222,2184,0,0,0,236,2181,0,1,0,233,2180,0,1,0,225,2176,0,1,0,245,2190,0,1,0,232,2184,0,0,0,238,2183,0,0,0,235,2190,0,0,0,236,2187,0,0,0,240,2182,0,0,0,228,2174,0,1,0,234,2178,0,1,0,224,2176,0,1,0,241,2181,0,1,0,237,2190,0,1,0,234,2177,0,1,0,231,2179,0,0,0,240,2182,0,0,0,226,2172,0,0,0,241,2181,0,0,0,234,2177,0,0,0,234,2178,0,0,0,234,2176,0,1,0,237,2184,0,0,0,236,2180,0,0,0,238,2180,0,0,0,236,2178,0,0,0,240,2179,0,0,0,229,2182,0,1,0,229,2173,0,1,0,237,2178,0,0,0,234,2185,0,1,0,237,2185,0,0,0,238,2183,0,1,0,237,2179,0,0,0,233,2175,0,0,0,228,2175,0,1,0,232,2183,0,0,0,225,2175,0,1,0,233,2180,0,1,0,233,2177,0,0,0,234,2191,0,1,0,233,2188,0,0,0,238,2180,0,1,0,238,2182,0,0,0,234,2179,0,1,0,240,2183,0,1,0,248,2179,0,0,0,236,2184,0,0,0,231,2176,0,1,0,232
1,0,15,2055,0,0,2077,0,0,9,0,2069,0,1920,0,1,2055,0,0,12,0,2057,0,0,5,0,2053,0,0,10,1,2060,0,0,7,0,2068,0,0,7,0,2056,0,0,7,1,2054,0,0,11,1,2053,0,0,6,0,2061,0,0,11,0,2054,0,0,10,0,2053,0,0,8,1,2054,0,0,10,0,2054,0,0,10,0,2058,0,0,6,0,2057,0,0,15,0,2057,0,0,7,0,2055,0,0,9,0,2057,0,0,7,0,2057,0,0,7,0,2056,0,0,8,0,2057,0,0,4,0,2054,0,0,7,1,2057,0,0,3,0,2056,0,0,3,1,2059,0,0,10,1,2058,0,0,8,0,2057,0,0,6,4,2051,0,0,10,0,2060,0,0,9,0,2055,0,0,12,0,2059,0,0,8,0,2057,0,0,7,0,2054,0,0,3,0,2055,0,0,10,0,2055,0,0,9,0,2058,0,0,5,0,2055,0,0,9,1,2058,0,0,8,1,2058,0,0,17,0,2055,0,0,8,1,2055,0,1,12,0,2058,0,0,11,0,2054,0,0,4,1,2059,0,0,6,0,2056,0,0,12,2,2066,0,0,7,1,2057,0,0,7,0,2058,0,0,8,1,2054,0


TO1_Buffer : 20,20,20,20,20,20,6,6,6,6,6,6,13,13,13,13,13,13,5,5,5,5,5,5,6,6,6,6,6,6,6,6,6,6,6,6,5,5,5,5,6,6,6,6,6,6,6,6,8,8,9,9,9,9,6,6,6,6,6,6,7,7,7,7,7,7,5,6,6,6,6,6,5,5,5,5,5,5,5,5,5,5,5,5,5,5,5,5,5,5,6,6,6,6,6,6,6,6,6,6,6,6,6,6,6,6,6,6,5,5,5,5,5,5,6,6,6,6,6,6,5,5,5,5,5,5,7,7,7,7,7,7,5,5,6,6,6,6,5,5,5,5,5,5,5,5,5,5,5,5,5,5,5,5,5,5,5,5,5,5,5,5,6,6,6,6,6,6,5,5,5,5,5,5,6,6,6,6,6,6,5,5,5,5,5,5,5,5,5,5,5,5,5,5,5,5,5,5,6,6,6,6,6,6,6,6,6,6,6,6,5,5,5,5,5,5,5,5,5,5,5,5,5,5,5,5,5,5,8,8,8,8,8,8,5,6,6,6,6,6,5,5,5,5,5,5,7,7,7,7,7,7,5,5,5,5,5,5,6,6,6,6,6,6,5,6,6,6,6,6,5,6,6,6,6,6,5,5,5,5,5,5,5,5,5,5,5,5,5,5,5,5,5,5,5,5,5,5,5,5,5,5,5,5,5,5
TO2_Buffer : 8,568,568,568,568,568,568,138,138,138,138,138,138,2,3,1,139,139,139,139,139,139,5,2,2,183,184,184,184,184,184,2,2,1,162,163,163,163,163,163,2,8,1,178,178,178,178,178,178,2,1,1,180,180,180,180,180,180,2,2,2,169,169,169,169,169,169,1,2,2,167,168,168,168,168,168,2,1,2,165,165,165,165,165,165,2,1,1,175,175,175,175,175,175,1,1,2,172,172,172,172,172,172,2,2,2,170,170,177,177,177,177,2,2,1,167,167,167,167,167,167,1,1,2,182,182,182,182,182,182,2,2,1,167,167,167,167,167,167,1,1,1,170,170,170,170,170,170,1,1,1,175,175,175,175,175,175,1,2,2,177,178,178,178,178,178,1,1,1,175,175,175,175,175,175,1,1,1,165,165,165,165,165,165,4,1,1,169,169,169,169,169,169,2,1,2,172,172,172,172,172,172,2,2,2,171,171,171,171,171,171,1,1,2,176,176,176,176,176,176,1,1,2,172,172,172,172,172,172,1,1,1,162,162,162,162,162,162,1,1,1,153,153,153,153,153,153,1,2,2,179,180,180,180,180,180,2,1,2,183,183,183,183,183,183,2,1,1,176,176,176,176,176,176,1,2,2,182,182,182,182,182,182,2,1,1,167,167,167,167,167,167,1,2,2,177,177,177,177,177,177,1,2,2,177,177,177,177,177,177,1,1,1,176,176,176,176,176,176,1,2,2,161,161,161,161,161,161,1,2,1,164,164,164,164,164,164,1,2,1,173,173,173,173,173,173,1,1,1,169,169,169,169,169,169,2,1,1,160,160,160,160,160,160,1,2,2,169,169,169,169,169,169,2,5,1,167,167,167,167,167,167,1,1,1,189,189,189,189,189,189,1,1,1,181,181,181,181,181,181,1,2,1,160,160,160,160,160,160,1,2,2,172,172,172,172,172,172,2,2,2,169,169,169,170,170,170,1,1,2,177,177,177,177,177,177,1,2,2,169,169,169,169,169,169,2,4,2,171,171,171,171,171,171,1,1,2,166,166,166,166,166,166
TO3_Buffer : 81,81,81,81,81,81
TO4_Buffer : 1,1948,0,1874,0,6,1885,0,1895,0,13,1872,0,1896,0,6,1873,0,1898,0,6,1878,0,1897,0,0,56,1978,0,1894,0,6,1873,0,1894,0,7,1871,0,1889,0,9,1875,0,1891,0,6,1875,0,1900,0,7,1876,0,1888,0,6,1873,0,1891,0,5,1870,0,1893,0,5,1871,0,1892,0,5,1874,0,1889,0,6,1879,0,1894,0,6,1874,0,1892,0,6,1872,0,1893,0,5,1875,0,1889,0,6,1871,0,1889,0,5,1870,0,1894,0,7,1872,0,1892,0,6,1871,0,1893,0,5,1874,0,1893,0,5,1871,0,1897,0,5,1870,0,1887,0,5,1878,0,1892,0,6,1872,0,1895,0,5,1869,0,1895,0,6,1875,0,1890,0,5,1873,0,1890,0,5,1882,0,1891,0,5,1872,0,1889,0,6,1873,0,1897,0,6,1871,0,1889,0,5,1871,0,1891,0,5,1874,0,1886,0,6,1871,0,1888,0,8,1872,0,1894,0,6,1871,0,1886,0,5,1869,0,1889,0,7,1875,0,1889,0,5,1878,0,1896,0,6,1873,0,1890,0,6,1874,0,1887,0,6,1871,0,1894,0,5,1874,0,1887,0,5,1882,0,1885,0,6,1871,0,1893,0,5,1875,0,1893,0,5,1870,0,1896,0



1MB
