美		美to		日		日to		英		英to		法		韓		加
9381				5147	216			5105		
1090				6851	176			6752		
1365				7336	181			7341		
3099				9262	162			9047		
3394				0795	169			9579		
							180.8				
日
9607	226			4931				5226
1263	173			6675				6872
1531	441			7155				7464
3261	162			9100				9704
3556	457			0626				1713
		291.8						

英
9649	268			5311	380			4844		
1305	215			7019	344			6536
1575	485			7484	329			7132	
3306	207			9431	331			8830	
3602	503			0965	339			9372
		335.6				344.6				

法
9657	276			5322	391			4952
1316	226			7026	351			6590
1584	494			7496	341			7162
3315	216			9439	339			8879
3609	510			0976	350			9401
		344.4				354.4				

韓
9648	267			5051	120			5269
1303	213			6757	82			6918
1572	482			7223	68			7506
3302	203			9167	367			9210
3597	498			0703	77			9744
		332.6				142.8			

加
9548	167			5212	281			5029
1204	114			6918	243			6680
1473	383			7385	230			7268
3205	106			9329	229			8972
3500	401			0867	541			9505
		234.2				304.8				