TO1_Buffer : 11,11,11,11,11,11,12,12,12,12,12,12,4,4,4,4,4,4,5,5,5,5,5,5,3,4,4,4,4,4,4,4,4,4,4,4,5,5,5,5,5,5,4,4,4,4,4,4,3,3,3,3,3,3,3,4,4,4,4,4,4,4,4,4,4,4,4,4,4,4,4,4,4,4,4,4,4,4,3,4,4,4,4,4,4,4,4,4,4,4,4,4,4,4,4,4,3,3,3,3,3,3,4,4,4,4,4,4,3,3,4,4,4,4,5,5,5,5,5,5,3,3,3,3,3,3,4,4,4,4,4,4,4,4,5,5,5,5,3,4,4,4,4,4,3,3,3,3,3,3,3,3,3,3,3,3,4,4,4,4,4,4,4,4,4,4,4,4,4,4,4,4,4,4,3,4,4,4,4,4,3,3,4,4,4,4,4,4,4,4,4,4
TO2_Buffer : 26,3,2,9,2,1,2,1,2,1,1,1,1,2,3,1,2,4,2,9,1,1,2,2,2,1,1,5,1,2,1,2,1,1,1,1,2,1,1,1,1,1,2,1,2,4,1,1,1,2,2,2,2,1,1,1,2,1,1,1,2,1,1,2,1,1,2,2,1,1,2,1,2,1,2,1,1,2,2,2,1,2,2,2,1,1,1,1,2,1,2,2,1,2,1,1,2,1,1,1,1,1,1,2,1,1,1,2,2,1,1,1,1,1,1,1,1,2,2,1,1,1,2,2,1,2,1,1,2,2,1,1,2,1,1,1,1,1,2,1,1,2,1,1,1,1,2,1,1,2,1,2,2,1,1,2,1,6,1,2,1,1,1,2,1,1,1,2,2,1,1,1,2,1,1,1,1,1,1,1,2,1,1,1,2,1,2,1,1,2,1,2,1,1,1
TO3_Buffer : 1368,1368,1368,1368,1368,1368,1402,1402,1402,1402,1402,1402,1446,1446,1446,1446,1446,1446,1364,1365,1365,1365,1365,1365,1441,1441,1441,1441,1441,1441,1459,1459,1459,1459,1459,1459,1454,1454,1454,1454,1454,1454,1427,1427,1427,1427,1427,1427,1387,1387,1387,1387,1387,1387,1450,1450,1450,1450,1450,1450,1422,1422,1422,1422,1422,1422,1452,1452,1452,1452,1452,1452,1457,1457,1457,1457,1457,1457,1456,1456,1456,1456,1456,1456,1455,1455,1456,1456,1456,1456,1453,1453,1453,1453,1453,1453,1456,1456,1456,1456,1456,1456,1434,1434,1434,1434,1434,1434,1458,1458,1458,1458,1458,1458,1453,1453,1453,1453,1453,1453,1440,1440,1440,1440,1440,1440,1456,1457,1457,1457,1457,1457,1452,1452,1452,1452,1452,1453,1445,1445,1445,1445,1445,1445,1459,1459,1459,1459,1459,1459,1433,1434,1434,1434,1434,1434,1443,1443,1443,1443,1443,1443,1458,1458,1458,1458,1458,1458,1455,1456,1456,1456,1456,1456,1445,1445,1445,1445,1445,1445,1441,1441,1441,1441,1441,1441,1456,1456,1456,1456,1456,1456
TO4_Buffer : 0,0,0,0,0,0,0,0,0,0,0,0,0,0,0,0,0,0,0,0,0,0,0,0,0,0,0,0,0,0,0,0,0,0,0,0,0,0,0,0,0,0,0,0,0,0,0,0,0,0,0,0,0,0,0,1,0,0,0,0,0,0,1,0,0,0,0,1,0,0,0,0,0,0,0,0,0,1,0,0,0,0,0,0,0,0,0,0,0,0,0,0,0,0,0,0,0,0,0,0,0,0,0,0,0,0,0,0,0,0,1,0,0,0,0,0,0,0,0,0,0,0,0,0,0,0,0,0,0,0,0,0,0,0,0,0,0,0,0,0,0,0,0,1,0,0,0,0,0,0,0,0,0,0,0,0,0,0,0,0,0,1,0,0,0,0,0,0,0,0,0,1,0,0,0,0,0,0,0,0,0,0,0,0,0,0,0,0,0,0,0,0,0,0
		
TO1_Buffer : 12,13,13,13,13,13,11,11,11,11,11,11,3,3,3,4,4,4,4,4,4,4,4,4,3,3,3,3,3,3,4,4,4,4,4,4,4,4,4,4,4,4,4,4,4,4,4,4,4,4,4,4,4,4,4,4,4,4,4,4,4,4,4,4,4,4,4,4,4,4,4,4,4,4,4,4,4,4,4,4,4,4,4,4,4,4,4,4,4,4,3,3,3,3,3,3,4,4,4,4,4,4,4,4,4,4,4,4,4,4,4,4,4,4,5,5,6,6,6,6,4,4,4,4,4,4,3,3,3,3,3,3,4,4,4,4,4,4,4,4,4,4,4,4,4,4,4,4,4,4,3,3,3,3,3,3,4,4,4,4,4,4,4,4,4,4,4,4,4,4,4,4,4,4,4,4,4,4,4,4,4,4,4,4,4,4,3,3,3,3,3,3,3,3,3,3,3,3
TO2_Buffer : 25,2,10,9,3,2,2,2,8,7,2,1,1,2,3,3,1,4,2,6,2,1,1,2,2,1,1,5,2,1,1,2,1,2,1,2,1,1,1,3,1,2,1,2,2,5,1,1,1,1,1,2,1,1,2,1,1,1,1,2,2,1,1,2,2,1,2,2,3,1,2,1,1,1,2,1,1,1,1,2,1,1,1,1,1,2,1,2,1,1,1,1,2,1,1,1,1,2,2,2,1,1,2,1,1,1,1,1,1,1,1,2,1,1,1,1,1,2,2,1,1,1,1,2,1,1,1,1,1,1,1,2,1,2,2,4,1,1,1,2,1,1,2,1,1,1,1,1,2,2,2,2,1,2,1,1,1,2,1,2,5,1,1,2,2,1,1,1,1,2,1,2,1,2,1,1,1,1,1,1,1,2,1,1,1,1,1,2,1,2,2,1,1,2,1,2
TO3_Buffer : 0,1308,1308,1308,1308,1308,1308,0,1415,1415,1415,1415,1415,1415,0,1442,1442,1442,1442,1442,1442,0,1455,1455,1455,1455,1455,1455,0,1453,1453,1453,1453,1453,1453,0,1432,1433,1433,1433,1433,1433,0,1450,1450,1450,1450,1450,1450,0,1428,1428,1428,1428,1428,1428,0,1448,1448,1448,1448,1448,1448,0,1455,1455,1455,1455,1455,1455,0,1351,1351,1351,1351,1351,1351,0,1451,1451,1451,1451,1451,1451,0,1456,1456,1456,1456,1456,1456,0,1459,1459,1459,1459,1459,1459,0,1458,1458,1458,1458,1458,1458,0,1457,1457,1457,1457,1457,1457,0,1459,1459,1459,1459,1459,1459,0,1451,1451,1451,1451,1451,1451,0,1456,1456,1456,1456,1456,1456,0,1444,1444,1444,1444,1444,1444,0,1456,1456,1456,1456,1456,1456,0,1458,1458,1458,1458,1458,1458,0,1433,1433,1433,1433,1433,1433,0,1454,1454,1454,1454,1454,1454,0,1455,1455,1455,1455,1455,1455,0,1444,1445,1445,1445,1445,1445,0,1455,1455,1455,1455,1455,1455,0,1448,1448,1448,1448,1448,1448,0,1444,1444,1444,1444,1444,1444,0,1452,1452,1452,1452,1452,1452,0,1454,1454,1454,1454,1454,1454,0,1458,1458,1458,1458,1458,1458,0
TO4_Buffer : 1,0,0,0,0,0,0,0,0,0,0,0,0,0,0,0,0,0,0,0,0,0,0,0,0,0,1,0,0,0,0,0,0,0,0,0,0,0,0,0,0,0,0,0,0,0,0,0,0,0,0,0,0,0,0,0,1,0,0,0,0,0,0,0,0,0,0,0,0,0,0,0,0,0,0,0,0,0,0,0,0,0,0,0,0,0,0,0,0,0,0,0,0,0,0,0,0,0,0,0,1,0,0,0,0,0,0,0,0,0,0,0,0,0,0,0,0,0,0,0,0,0,0,0,0,0,0,0,0,0,0,0,0,0,0,0,0,0,0,0,0,0,0,0,0,0,0,0,0,0,0,0,0,0,0,0,0,0,0,0,0,0,0,0,0,0,0,0,0,0,0,0,0,0,0,0,0,0,0,0,0,0,0,0,0,1,0,0,0,0,0,0,0,0,0
	
	修正aggregate收集票所需時間之計算方式
TO1_Buffer : 13,13,13,13,13,13,11,11,11,11,11,11,4,4,4,4,4,4,4,4,4,4,4,4,4,4,4,4,4,4,4,4,4,4,4,4,4,4,4,4,4,4,4,4,4,4,4,4,5,5,5,5,5,5,4,4,4,4,4,4,4,4,4,4,4,4,4,4,4,4,4,4,4,4,4,4,4,4,4,4,4,4,4,5,4,4,4,4,4,4,3,3,3,3,3,3,3,3,3,3,3,3,4,4,4,4,4,4,4,4,4,4,4,4,5,5,5,5,5,5,4,4,4,4,4,4,4,4,4,4,4,4,3,3,3,3,3,3,4,4,4,4,4,4,4,4,4,4,4,4,3,3,4,4,4,4,3,3,3,3,3,3,4,4,4,4,4,4,4,4,4,4,4,4,3,3,4,4,4,4,4,4,4,4,4,4,3,3,4,4,4,4,3,3,3,3,3,3
TO2_Buffer : 24,3,8,9,5,2,3,2,2,8,2,2,2,2,3,1,1,4,1,7,2,2,2,1,1,2,1,6,2,1,4,1,2,1,1,1,2,2,4,1,1,1,1,1,1,1,1,2,1,1,1,1,2,1,1,1,2,2,1,1,1,1,2,2,2,2,1,2,2,1,1,2,1,2,2,2,1,1,1,1,1,2,2,2,2,1,1,2,2,1,1,1,1,1,1,1,2,2,1,1,2,1,1,2,2,2,2,1,1,2,1,1,1,2,1,1,1,1,1,4,2,1,1,2,1,2,2,2,1,2,1,2,1,1,1,2,1,1,2,1,2,2,1,1,1,2,1,2,2,1,2,1,2,1,1,1,1,2,1,1,1,2,1,1,1,1,2,1,1,1,1,2,1,2,1,1,4,6,2,2,2,1,1,2,1,2,1,1,1,1,1,1,1,1,1,2
TO3_Buffer : 0,0,0,0,0,0,0,0,0,0,0,0,0,0,0,0,0,0,0,0,0,0,0,0,0,0,0,0,0,0,0,0,0
TO4_Buffer : 0,0,0,0,0,0,0,0,0,0,0,0,0,0,0,0,0,1,0,0,1,0,0,0,0,0,0,0,0,0,0,0,0,0,0,0,0,0,0,0,0,0,0,0,0,0,0,0,0,0,0,0,0,0,0,0,0,0,0,0,0,0,0,0,0,0,0,0,0,0,0,0,0,0,0,0,0,0,0,0,0,0,0,0,0,0,0,0,0,0,0,0,1,0,0,0,0,0,0,0,0,0,0,0,0,0,0,0,0,0,0,0,0,0,0,0,0,0,0,0,0,0,1,0,0,0,0,0,0,0,0,0,0,0,0,0,0,0,0,0,0,0,0,0,0,0,0,0,0,0,1,0,0,0,0,0,0,0,0,0,0,0,0,0,0,0,0,0,0,0,0,0,0,0,0,0,0,0,0,0,0,0,0,0,0,0,0,0,0,0,0,0,0,0,0
	
	改變一開始ready的傳送方式
TO1_Buffer : 7,7,7,7,8,8,5,5,5,5,5,5,4,4,4,4,4,4,8,8,8,8,8,8,6,6,6,6,6,6,3,3,3,3,3,3,3,3,3,3,3,3,4,4,4,4,4,4,3,3,3,3,3,3,4,4,4,4,4,4,3,3,4,4,4,4,3,3,3,4,4,4,3,3,3,3,3,3,4,4,4,4,4,4,4,4,4,4,4,4,4,4,4,4,4,4,3,3,3,3,3,3,4,4,4,4,4,4,3,3,3,3,3,3,4,4,4,4,4,4,5,5,5,5,5,5,4,4,4,4,4,4,4,5,5,5,5,5,4,4,4,4,4,4,3,3,3,3,3,3,4,4,4,4,4,4,4,5,5,5,5,5,4,4,4,4,4,4,4,4,4,4,4,4,3,3,3,3,3,3,3,3,3,3,3,3,3,3,4,4,4,4,4,4,4,4,4,4
TO2_Buffer : 19,2,9,2,1,2,2,2,15,2,2,6,2,2,1,1,1,3,2,1,2,2,1,2,2,1,2,1,2,1,2,2,1,6,2,2,1,3,2,2,1,2,2,1,1,2,1,2,1,1,1,1,1,1,2,2,1,2,1,1,2,1,2,1,2,1,2,2,1,1,2,2,7,1,1,1,2,1,1,1,1,1,1,1,2,1,1,1,2,1,2,2,1,1,1,1,1,1,2,2,2,1,1,1,2,2,1,1,1,1,1,1,2,2,2,1,1,2,1,2,1,2,1,1,1,1,1,1,2,1,1,1,2,2,1,2,1,1,1,1,1,1,2,1,1,1,1,2,1,1,2,1,1,1,1,2,1,2,3,1,2,2,2,1,1,1,2,2,1,1,1,2,1,2,2,2,1,1,2,1,2,2,1,1,1,1,1,1,2,2,2,2,2,1
TO3_Buffer : 0,0,0,0,0,0,0,0,0,0,0,0,0,0,0,0,0,0,0,0,0,0,0,0,0,0,0,0,0,0,0,0,0
TO4_Buffer : 0,0,0,0,1,0,0,0,0,0,0,0,0,0,0,0,0,0,0,0,0,0,0,0,0,0,0,0,0,0,0,0,0,0,0,0,0,0,0,0,0,0,0,0,0,1,0,0,0,0,0,0,0,0,0,0,0,0,1,0,0,0,0,1,0,0,0,0,0,0,0,0,0,0,0,0,0,0,0,0,0,0,0,0,0,0,0,0,0,1,0,0,0,1,0,0,0,0,0,0,0,0,0,0,0,0,0,0,0,0,0,0,0,0,0,0,0,0,1,0,0,0,0,0,0,0,0,0,0,0,0,0,0,0,0,0,0,0,0,0,0,1,0,0,0,0,0,0,0,0,0,0,0,0,0,0,0,0,0,0,0,0,0,0,0,0,0,0,0,0,0,0,0,0,0,0,0,0,0,0,0,0,0,0,0,0,0,0,0,0,0,0,0
	
TO1_Buffer : 10,10,10,10,11,11,11,11,11,11,11,11,4,4,4,4,4,4,11,11,11,11,11,11,4,4,4,4,4,4,7,7,7,7,7,7,3,4,4,4,4,4,4,4,4,4,4,4,3,3,3,3,3,3,4,4,4,4,4,4,3,3,3,3,3,3,4,4,4,4,4,4,3,3,4,4,4,4,4,4,4,4,4,4,3,4,4,4,4,4,5,5,5,5,5,5,4,4,4,4,4,4,4,4,4,4,4,4,5,5,5,5,5,5,3,3,3,3,3,3,4,4,4,4,4,4,4,4,4,4,4,4,4,4,4,4,4,4,4,4,4,4,4,4,3,3,3,3,3,3,4,4,4,4,4,4,7,7,8,8,8,8,3,3,3,3,3,3,4,4,4,4,4,4,4,4,4,4,4,4,3,3,3,3,3,3,4,4,4,4,4,4,4,4,4,4,4,4
TO2_Buffer : 21,3,6,2,14,2,1,2,1,1,1,2,1,1,1,2,2,4,1,2,1,1,1,2,2,1,2,1,1,1,1,1,2,2,1,1,1,1,1,1,2,1,2,2,1,1,1,2,1,2,1,1,1,2,2,1,2,1,1,2,1,1,2,2,2,2,2,1,1,1,1,1,1,2,2,2,1,1,1,2,1,1,6,1,1,1,1,1,1,1,2,2,2,1,1,2,2,2,2,1,1,1,1,1,1,3,1,1,1,1,1,1,1,1,1,1,3,1,1,2,1,1,1,1,2,1,2,1,1,4,2,1,2,1,1,2,1,2,1,1,1,2,2,2,1,1,1,2,1,1,1,2,1,1,1,1,1,1,1,1,1,2,1,1,1,2,1,2,2,1,1,2,1,2,2,1,2,1,1,1,1,1,1,1,1,2,2,1,1,2,2,1,2,1,1
TO3_Buffer : 0,0,0,0,0,0,0,0,0,0,0,0,0,0,0,0,0,0,0,0,0,0,0,0,0,0,0,0,0,0,0,0,0
TO4_Buffer : 0,0,0,0,0,0,0,0,0,0,0,0,0,0,0,0,0,0,0,0,0,0,0,0,0,0,1,0,0,0,0,0,0,0,0,0,0,0,0,0,0,0,0,0,0,0,0,0,0,0,0,0,0,0,0,0,1,0,0,0,0,0,0,0,0,0,0,0,0,0,0,0,0,0,0,0,0,0,0,0,0,0,0,1,0,0,0,0,0,0,0,0,0,0,0,0,0,0,0,0,0,0,0,0,1,0,0,0,0,0,0,0,0,0,0,0,0,0,0,0,0,0,0,0,0,0,0,0,0,1,0,0,0,0,0,0,0,0,0,1,0,0,0,0,0,0,0,0,0,0,0,0,0,0,0,0,0,0,0,0,0,0,0,0,0,0,0,0,0,0,0,0,0,0,0,0,0,0,0,0,0,0,0,0,0,0,0,0,0,0,0,0,0,0
	
TO1_Buffer : 5,5,5,5,5,5,4,4,4,5,5,5,14,14,14,14,14,14,4,4,4,4,4,4,3,3,3,3,3,3,4,4,4,4,4,4,4,4,4,4,4,4,4,4,4,4,4,4,4,4,4,4,4,4,4,4,4,4,4,4,3,4,4,4,4,4,4,4,4,4,4,4,4,4,4,4,4,4,4,4,4,4,4,4,4,4,4,4,4,4,4,4,4,4,4,4,4,4,4,4,4,4,4,4,4,4,4,4,4,4,4,4,4,4,4,4,4,4,4,4,5,5,5,5,5,5,3,3,3,3,3,3,3,3,3,3,3,3,4,4,4,4,4,4,4,4,4,4,4,4,4,4,4,4,4,4,3,3,3,3,3,3,3,3,3,3,3,3,4,4,4,4,4,4,4,4,4,4,4,4,4,4,4,4,4,4,4,4,4,4,4,4,12,12,12,12,12,12
TO2_Buffer : 18,2,7,2,2,11,2,2,8,2,8,2,7,1,2,2,2,4,1,9,1,1,1,2,6,1,3,1,2,1,2,1,1,1,2,1,2,1,2,1,1,1,1,1,2,2,2,1,2,1,2,2,2,1,2,2,1,2,1,5,1,1,1,1,2,1,1,1,1,2,1,1,2,2,1,1,1,1,1,1,1,2,1,2,1,2,1,2,1,1,2,1,1,1,1,2,1,2,1,2,1,1,1,2,1,1,1,2,1,1,1,2,1,2,1,2,1,1,1,1,2,2,2,1,1,2,2,2,1,2,1,1,1,1,2,2,1,1,2,1,2,2,2,1,1,1,1,1,2,2,1,2,2,1,1,1,1,2,1,1,1,1,1,1,2,2,1,2,2,1,1,1,1,1,1,1,2,2,2,2,1,2,1,1,2,1,1,1,2,2,2,1,2,2,1
TO3_Buffer : 0,0,0,0,0,0,0,0,0,0,0,0,0,0,0,0,0,0,0,0,0,0,0,0,0,0,0,0,0,0,0,0,0
TO4_Buffer : 1,0,0,0,0,0,0,0,0,0,0,0,0,0,0,0,0,0,0,0,0,0,0,0,0,0,0,0,0,0,0,0,0,0,0,0,0,0,0,0,0,0,0,0,0,0,0,0,0,0,0,0,0,0,0,0,1,0,0,0,0,0,0,0,0,0,0,0,0,0,0,0,0,0,0,0,0,0,0,0,0,0,0,0,0,0,0,0,0,0,0,0,0,0,0,0,0,0,0,0,0,0,0,0,0,0,0,0,0,1,0,0,0,0,0,0,0,0,0,0,0,0,0,0,0,0,0,0,0,0,0,0,0,0,0,0,0,0,0,0,0,0,0,0,0,0,0,0,0,0,0,0,0,0,0,0,0,0,0,0,0,0,0,0,0,0,0,0,0,0,0,0,0,0,0,0,0,0,0,0,0,0,0,0,0,0,0,0,0,0,0,0,0,0
	
	
	
TO1_Buffer : 5,5,5,5,5,5,12,12,12,12,12,12,4,4,4,4,4,4,4,4,4,4,4,4,4,4,4,4,4,4,4,4,4,4,4,4,3,4,4,4,4,4,4,4,4,4,4,4,4,4,4,4,4,4,5,5,5,5,5,5,4,4,4,4,4,4,3,3,4,4,4,4,4,4,4,4,4,4,4,4,4,4,4,4,5,5,5,5,5,5,4,4,4,4,4,4,4,4,4,4,4,4,4,4,4,4,4,4,3,3,3,3,3,3,5,5,5,5,5,5,4,4,4,4,4,4,3,3,3,3,3,3,3,3,3,4,4,4,4,4,4,4,4,4,4,4,4,4,4,4,4,4,4,4,4,4,4,4,4,4,4,4,4,4,4,4,4,4,4,4,4,4,4,4,4,4,4,4,4,4,4,4,4,4,4,4,4,4,4,4,4,4
TO2_Buffer : 17,4,2,4,3,8,1,2,2,13,2,1,2,1,3,2,1,4,2,9,2,2,2,2,1,1,1,5,1,1,1,2,1,2,1,2,1,1,2,2,1,2,2,1,1,4,1,1,2,1,1,2,1,1,2,1,1,2,1,1,1,2,2,2,1,1,1,1,2,1,1,2,2,1,2,1,1,1,2,1,2,1,1,1,2,1,2,1,1,1,2,1,2,2,2,2,2,1,1,1,6,1,2,2,1,1,1,1,2,2,2,1,1,1,1,1,2,1,1,1,1,2,1,1,2,1,1,1,1,1,2,1,1,2,2,2,2,1,1,1,1,1,1,2,2,1,1,2,2,1,1,1,2,1,1,2,1,1,2,2,2,2,1,2,1,1,1,2,2,1,2,1,1,1,1,2,2,7,1,1,1,1,1,1,2,1,2,2,1,1,1,1,1,1,2
TO3_Buffer : 0,0,0,0,0,0,0,0,0,0,0,0,0,0,0,0,0,0,0,0,0,0,0,0,0,0,0,0,0,0,0,0
TO4_Buffer : 1,0,0,0,0,0,0,0,0,0,0,0,0,0,0,0,0,0,0,0,0,0,0,0,0,0,0,1,0,0,0,0,0,0,0,1,0,0,0,0,0,0,0,0,0,0,0,0,0,0,0,0,0,0,0,0,0,0,0,0,0,0,0,1,0,1,0,0,1,0,0,0,0,0,0,0,0,0,0,0,0,0,0,0,0,1,0,0,0,0,0,0,0,0,0,0,0,0,0,0,0,0,0,0,0,0,1,0,0,0,0,0,0,0,0,0,0,0,0,0,0,0,0,0,0,0,0,0,0,0,1,0,0,0,0,0,0,0,0,0,0,0,0,0,0,0,0,0,0,0,0,0,0,0,0,0,0,0,0,0,0,0,0,0,0,0,0,0,0,0,0,0,0,0,0,0,0,0,0,0,0,0,0,0,0,0,0,0,0,0,0,1,0,0
	
	512KB
TO1_Buffer : 10,10,10,10,10,10,6,6,6,6,6,6,6,6,6,6,6,6,12,12,12,12,12,12,10,10,10,10,10,10,5,5,5,5,5,5,5,5,5,5,6,6,5,5,5,5,5,5,5,5,5,5,5,5,6,6,6,6,6,6,6,6,6,6,6,6,5,5,5,5,5,5,6,6,6,6,6,6,6,6,6,6,6,6,5,5,5,5,5,5,6,6,6,6,6,6,6,6,6,6,6,6,5,5,5,5,5,5,5,5,5,5,5,5,5,5,5,5,5,5,6,6,6,6,6,6,6,6,6,6,6,6,6,6,6,6,6,6,5,5,5,5,5,5,6,6,6,6,6,6,5,6,6,6,6,6,5,5,5,5,5,5,6,6,6,6,6,6,6,6,6,6,6,6,6,6,6,6,6,6,5,5,5,6,6,6,6,6,6,6,6,6,5,5,5,5,5,5
TO2_Buffer : 17,5,16,1,2,2,2,2,1,1,1,2,7,1,7,2,2,4,1,1,1,2,2,2,1,2,5,1,1,1,2,1,1,6,1,1,2,2,2,1,1,1,1,2,2,1,1,1,1,1,1,2,1,1,1,2,1,1,1,2,1,1,2,1,2,1,2,1,2,2,1,1,1,2,1,1,2,1,1,2,2,1,1,1,2,1,1,1,1,1,1,1,2,2,1,1,1,1,2,2,1,1,1,1,2,2,2,2,2,10,2,1,2,2,2,1,3,2,1,2,2,1,1,1,2,1,2,2,1,1,2,1,1,2,2,1,2,1,2,1,1,1,1,2,2,1,2,1,1,2,2,1,1,1,1,2,1,1,1,1,2,1,2,1,1,1,1,1,1,2,1,1,1,1,1,2,1,1,1,1,1,1,1,2,2,1,1,1,1,2,1,2,2,1,1
TO3_Buffer : 0,0,0,0,0,0,0,0,0,0,0,0,0,0,0,0,0,0,0,0,0,0,0,0,0,0,0,0,0,0,0,0,0
TO4_Buffer : 0,0,0,0,0,0,0,0,0,0,0,0,0,0,0,0,0,0,0,0,0,0,0,0,0,0,0,0,0,0,0,0,0,0,0,0,0,0,0,0,0,0,0,0,0,0,0,0,0,0,0,0,0,0,0,0,0,0,0,0,0,0,0,0,0,0,0,1,0,0,0,0,0,0,0,0,0,0,0,0,0,0,0,0,0,0,0,0,0,0,0,0,0,0,0,0,0,0,0,0,0,0,0,0,0,0,0,0,0,0,0,0,0,0,0,0,0,0,0,0,0,0,0,0,0,1,0,0,0,0,0,0,0,0,0,0,0,1,1,0,0,0,0,0,0,0,0,0,0,0,0,0,0,0,0,0,0,0,0,0,0,0,0,0,0,0,0,0,0,0,0,0,0,0,0,0,0,0,0,1,0,0,0,0,0,0,0,0,0,1,1,0,0,0

	1MB
TO1_Buffer : 14,14,14,14,14,14,10,10,10,10,10,10,10,10,10,10,10,10,14,14,14,14,14,14,15,15,15,15,15,15,9,9,9,9,9,9,10,10,10,10,10,10,9,9,9,9,9,9,10,10,10,10,10,10,9,9,9,9,9,9,10,10,10,10,10,10,10,10,10,10,10,10,9,10,10,10,10,10,10,10,10,10,10,10,9,9,9,9,9,9,10,10,10,10,10,10,9,9,9,9,9,9,9,9,9,9,9,9,10,10,10,10,10,10,9,10,10,10,10,10,9,9,9,9,9,9,10,10,10,10,10,10,10,10,10,10,10,10,10,10,10,10,10,10,9,9,9,9,9,9,8,9,9,9,9,9,9,9,9,9,9,9,10,10,10,10,10,10,10,10,10,10,10,10,9,9,9,9,9,9,9,10,10,10,10,10,10,10,10,10,10,10,10,10,10,10,10,10
TO2_Buffer : 25,2,15,2,1,2,2,2,4,5,2,2,10,2,1,1,1,4,1,2,2,1,1,2,6,1,1,1,2,1,2,1,1,6,2,1,1,1,1,1,1,1,1,1,2,1,1,1,2,2,1,2,1,1,1,1,2,1,2,1,2,1,2,1,1,1,1,1,1,1,1,2,2,2,1,2,1,1,2,2,2,2,1,1,2,1,1,1,1,1,2,2,1,1,1,1,2,1,1,1,1,2,1,1,2,2,2,2,2,1,1,1,2,1,1,2,2,1,2,1,1,1,2,2,1,1,1,2,1,2,2,2,1,1,1,1,1,2,1,1,2,2,1,2,1,2,2,1,2,2,2,1,1,2,2,1,1,1,1,1,1,2,1,1,1,2,1,1,1,2,1,1,1,2,1,2,1,2,2,2,2,1,2,1,2,1,1,1,1,1,2,2,1,2
TO3_Buffer : 0,0,0,0,0,0,0,0,0,0,0,0,0,0,0,0,0,0,0,0,0,0,0,0,0,0,0,0,0,0,0,0,0
TO4_Buffer : 0,0,0,0,0,0,0,0,0,0,0,0,0,0,0,0,0,1,0,1,0,0,0,0,0,0,0,0,0,0,0,0,0,0,0,0,0,0,0,0,0,1,0,0,0,0,0,0,0,0,0,0,0,0,0,0,0,0,0,0,0,0,0,0,0,0,0,0,0,0,0,0,0,0,0,0,0,0,0,0,0,0,0,0,0,0,0,0,0,0,0,0,0,0,0,0,0,0,0,0,0,0,0,0,0,0,0,0,0,0,0,0,0,0,0,0,0,0,0,0,0,0,0,0,0,0,0,0,1,0,0,0,0,0,0,0,0,0,0,0,0,0,0,0,0,0,0,0,0,0,0,0,0,0,0,0,0,0,0,0,0,0,0,0,0,0,0,0,0,0,0,0,0,0,0,0,0,0,0,0,0,0,0,0,0,0,0,0,0,0,0,0,0

	2MB
TO1_Buffer : 22,22,22,22,22,22,17,17,17,17,17,17,16,16,16,17,17,17,22,22,22,22,22,22,17,17,17,17,17,17,17,17,17,17,17,17,17,17,17,17,17,17,16,16,16,16,16,16,16,16,16,16,16,16,17,17,17,17,17,17,17,17,18,18,18,18,16,16,16,16,16,17,16,16,16,16,16,17,17,17,17,17,17,17,17,17,17,17,17,17,16,16,16,16,16,16,17,17,17,17,17,17,16,16,16,16,16,16,17,17,17,17,17,17,17,17,17,17,17,17,17,17,17,17,17,17,17,17,17,17,17,17,16,16,16,16,16,16,16,17,17,17,17,17,17,17,17,17,17,17,16,16,16,16,16,16,16,16,16,16,16,16,17,17,17,17,17,17,17,17,17,17,17,17,17,17,17,17,17,17,17,17,17,17,17,17,16,16,16,16,16,16,16,17,17,17,17,17
TO2_Buffer : 16,3,12,9,2,2,1,1,15,2,1,2,1,1,2,1,1,4,2,2,2,2,1,1,1,4,1,1,1,1,1,1,2,6,2,2,1,2,1,1,2,1,2,1,1,2,2,2,1,1,2,1,1,1,1,1,2,2,1,1,1,2,1,2,1,2,1,2,1,1,2,1,1,2,1,1,4,2,2,1,1,1,1,1,1,2,1,2,1,1,1,1,1,3,2,1,2,2,2,2,1,2,2,2,2,2,2,1,1,1,1,1,2,1,1,1,3,1,1,1,2,1,1,2,2,1,1,1,2,2,1,1,2,1,1,2,1,1,1,1,2,1,2,1,2,2,2,2,1,2,1,1,1,1,1,2,2,1,2,2,1,1,1,1,2,1,1,1,2,1,2,1,2,1,2,2,2,1,1,1,2,2,1,1,1,1,1,1,1,2,1,2,1,1
TO3_Buffer : 0,0,0,0,0,0,0,0,0,0,0,0,0,0,0,0,0,0,0,0,0,0,0,0,0,0,0,0,0,0,1,0,0
TO4_Buffer : 0,0,0,0,0,0,0,0,0,0,0,0,0,0,0,0,0,0,0,0,0,0,0,0,0,0,0,0,0,0,0,0,0,0,0,0,0,0,0,0,0,0,0,0,0,0,0,0,0,0,0,0,0,0,0,0,0,0,0,0,0,0,0,0,0,0,0,0,0,0,0,0,0,0,0,0,0,0,1,0,0,0,0,0,0,0,0,0,0,0,0,0,0,0,0,0,0,0,0,0,0,1,0,0,0,0,0,0,0,0,0,0,0,0,0,0,0,0,0,0,0,0,0,0,0,0,0,0,0,0,0,0,0,0,0,0,0,0,0,0,0,0,0,0,0,0,0,0,0,0,0,0,0,1,0,0,0,0,0,0,0,0,0,0,0,0,0,0,0,0,0,0,0,0,0,0,0,0,0,0,0,0,0,0,0,0,0,0,0,0,0,0,0

	4MB
TO1_Buffer : 37,37,37,37,37,37,34,34,34,34,34,34,34,34,34,34,34,34,40,40,40,40,40,40,35,35,35,35,35,35,33,33,33,33,33,33,33,33,33,33,33,33,32,33,33,33,33,33,33,33,33,33,33,33,32,33,33,33,33,33,33,33,33,33,33,33,33,33,33,33,33,33,33,33,33,33,33,33,33,33,33,33,33,33,32,32,32,32,32,32,32,32,32,32,32,32,33,33,33,33,33,33,33,33,33,33,33,33,33,33,33,33,33,33,33,33,33,33,33,33,32,32,32,32,32,32,33,33,33,33,33,33,33,33,33,33,33,33,32,32,32,32,32,32,33,33,33,33,33,33,33,33,33,33,33,33,33,33,33,33,33,33,33,33,33,33,33,33,33,33,33,33,33,33,33,33,33,33,33,33,33,33,33,33,33,33,32,32,32,32,32,32,33,33,33,33,33,33
TO2_Buffer : 26,3,12,1,8,2,2,2,9,2,5,2,2,2,2,1,2,3,8,1,1,2,2,1,2,2,1,1,1,1,1,2,1,6,1,2,2,2,1,1,1,2,2,2,2,2,1,2,1,1,2,1,1,1,2,2,1,1,2,1,1,1,2,2,1,2,2,1,2,1,2,1,1,2,2,2,4,2,1,2,2,1,2,1,1,1,2,1,2,1,1,1,2,1,2,1,1,2,1,1,1,2,1,1,2,2,1,1,11,2,1,1,1,1,2,2,3,1,1,1,2,2,2,2,2,1,1,1,1,3,1,1,1,1,1,2,1,2,2,1,1,1,1,1,1,1,1,1,2,1,1,1,1,2,1,2,2,1,1,1,1,1,2,1,1,1,2,2,1,2,1,1,2,1,2,2,2,2,2,1,2,2,1,1,2,1,1,2,1,1,1,1,2,2
TO3_Buffer : 0,0,0,0,0,0,0,0,0,0,0,0,0,0,0,0,0,0,0,0,0,0,0,0,0,0,0,0,0,0,0,0,0
TO4_Buffer : 0,1,0,0,0,0,0,0,0,0,0,1,0,0,0,0,0,0,0,0,0,0,0,0,0,0,0,0,0,0,0,0,0,0,0,0,0,0,0,0,0,0,0,0,0,0,0,0,0,0,0,0,0,0,0,0,0,0,0,0,0,0,0,0,0,0,0,0,0,0,0,0,0,0,0,0,0,0,0,0,0,0,0,0,0,0,0,0,0,0,0,0,0,0,0,0,0,0,0,0,0,0,0,0,1,0,0,0,0,0,0,0,0,0,0,1,0,0,0,0,0,0,0,0,0,0,0,0,0,0,0,0,0,0,0,0,0,0,0,0,0,0,0,0,0,0,0,0,0,0,0,0,0,0,0,0,0,0,0,0,0,0,0,0,0,0,0,0,0,0,0,0,0,0,0,0,0,0,0,0,0,0,0,0,1,0,0,0,0,0,0,0,0

	8MB
TO1_Buffer : 94,94,94,94,94,94,93,93,93,93,93,93,90,91,91,91,91,91,96,96,96,96,96,96,92,92,92,92,92,92,86,86,86,86,86,86,88,88,88,88,88,88,87,87,87,87,87,87,86,87,87,87,87,87,86,86,86,86,86,86,87,87,87,87,87,87,87,88,88,88,88,88,88,88,88,88,88,88,88,88,88,88,88,88,87,87,87,87,87,87,87,87,87,87,87,87,92,92,92,92,92,92,92,92,92,92,92,92,86,86,86,86,86,86,90,90,90,90,90,90,91,91,91,91,91,91,90,90,90,90,90,90,91,92,92,92,92,97,92,92,92,92,92,92,91,91,91,91,92,92,91,91,91,91,91,91,91,91,91,91,91,91,90,90,90,90,90,90,90,90,90,90,90,90,88,88,88,88,88,88,87,87,87,87,87,87,91,91,91,91,91,91,89,89,89,89,89,90
TO2_Buffer : 25,4,12,8,2,1,2,2,5,2,2,7,5,1,2,2,2,3,2,2,1,2,2,1,3,1,1,2,2,2,2,3,1,2,2,1,2,3,4,1,2,2,2,1,1,2,1,2,2,1,2,1,1,1,1,1,1,1,1,1,2,2,1,2,2,2,2,1,1,2,2,1,1,2,8,1,2,1,1,1,1,2,2,1,1,1,1,1,1,1,2,2,2,2,2021,2021,2021,2021,2021,2021,1,1,2,1,1,2,1,1,2,2,2,2,1,2,2,1,1,2,2,2,2,3,1,1,2,2,1,2,1,2,1,1,2,1,2,2,1,2,2,1,1,2,2,1,2,2,2,1,1,1,2,2,2,2,2,1,1,1,1,2,2,1,2,1,1,2,2,1,1,1,2,1,2,2,2,2,1,2,2,2,1,1,2,1,1,2,1,2,1,2,1,1,2,1,2,1,2,1,1
TO3_Buffer : 0,0,0,0,0,0,0,0,0,0,0,0,0,0,0,0,0,0,0,0,0,0,0,0,0,0,0,0,0,0,0,0,0
TO4_Buffer : 0,0,0,0,0,0,0,1,0,0,0,0,0,0,0,0,0,0,0,0,0,0,0,0,0,0,0,1,0,0,0,0,0,0,0,0,0,0,0,0,0,0,0,0,0,0,0,0,0,0,0,0,0,0,0,1,0,0,0,0,0,0,0,0,0,0,0,0,0,0,1,0,0,0,0,0,0,0,0,0,0,0,0,0,0,0,0,0,0,0,0,0,0,0,0,0,0,0,0,0,0,0,0,0,0,0,0,0,0,0,0,0,1,0,0,0,0,0,0,0,0,0,0,0,0,0,0,0,0,1,0,0,0,0,0,0,0,0,0,0,0,0,0,0,0,0,0,0,0,0,0,0,0,0,0,0,0,0,0,0,0,0,0,0,0,0,0,0,0,0,0,0,0,0,0,0,0,0,0,0,0,0,0,0,0,0,0,0,0,0,0,0,0,0







