	
	2倍
		node setNode.js t 6 596 603 617 5 600000 0
		node setNode.js t 6 25 40 55 5 600000 0
		595.007,	312.835,	195.613,	90.949,		42.673,		22.53
		602.99,	326.181,	218.47,		109.826,	55.428,		36.329
		616.088,	339.780,	232.581,	124.541,	67.393,		48.418
		
		
	3倍率
		598.677, 315.086, 205.586, 94.09, 43.426, 23.795
		607.068, 330.105, 233.788, 117.322, 57.392, 38.577
		621.715, 345.337, 249.371, 133.978, 70.173, 51.877
		
		24 39 52
		node setNode.js t 6 26 41 54 5 600000 0
		
	重測
	3倍率
		22.432,		41.431,		76.854,		164.544,	297.667,	562.149
		36.716,		56.799,		88.286,		175.425,	307.811,	571.364
		48.498,		68.81,		101.586,	188.072,	321.111,	584.649
		
矯正
		TO1_mean:		19.550,38.722,70.681,145.843,276.328,528.814
		TO1_stddev:		7.917,14.280,16.319,35.639,58.529,116.338
	
		TO2_mean:		9.188,9.070,9.420,9.943,9.678,9.009
		TO2_stddev:		6.905,6.584,6.647,6.848,6.637,6.019
	
		TO3_mean:		8.744,9.353,9.719,10.817,11.005,10.955
		TO3_stddev:		4.091,3.951,4.466,4.293,4.267,3.907
		
		
		TO1_mean:		19.550	38.722	70.681	145.843	276.328	528.814
		TO1_stddev:		7.917	14.280	16.319	35.639	58.529	116.338
	
		TO2_mean:		9.188	9.070	9.420	9.943	9.678	9.009
		TO2_stddev:		6.905	6.584	6.647	6.848	6.637	6.019
	
		TO3_mean:		8.744	9.353	9.719	10.817	11.005	10.955
		TO3_stddev:		4.091	3.951	4.466	4.293	4.267	3.907
	
	2個標準差
		67.282		89.52		106.774
		103.318		126.032		144.684
		217.120		240.76		260.163
		393.385		416.337		435.876
		761.49		782.537		801.306
		
		
		node setNode.js t 6 68 90 107 5 600000 0
		node setNode.js t 6 104 127 145 5 600000 0
		node setNode.js t 6 218 241 261 5 600000 0
		node setNode.js t 6 394 417 436 5 600000 0
		node setNode.js t 6 762 783 802 5 600000 0
	
	
	
	